哀	2008	1653	1319
哀	2007	1607	1258
哀	2006	2168	1798
哀	2005	2585	2110
哀	2004	2255	1772
哀	2003	2453	1837
哀	2002	2458	1982
哀	2001	2433	1907
哀愁	2008	202	174
哀愁	2007	170	146
哀愁	2006	326	271
哀愁	2005	252	230
哀愁	2004	245	220
哀愁	2003	286	247
哀愁	2002	304	266
哀愁	2001	222	194
哀怜	2008	10	10
哀怜	2007	20	18
哀怜	2006	46	42
哀怜	2005	14	14
哀怜	2004	28	28
哀怜	2003	24	24
哀怜	2002	54	52
哀怜	2001	32	32
哀戚	2008	3	3
哀戚	2007	4	4
哀戚	2006	6	6
哀戚	2005	4	4
哀戚	2004	8	8
哀戚	2003	9	9
哀戚	2002	7	6
哀戚	2001	7	7
哀切	2008	1	1
哀切	2007	2	2
哀切	2006	3	3
哀切	2005	4	4
哀切	2004	2	2
哀切	2002	6	6
哀切	2001	6	6
哀伤	2008	2230	1526
哀伤	2007	1932	1234
哀伤	2006	2849	1893
哀伤	2005	2923	1910
哀伤	2004	2262	1567
哀伤	2003	2098	1360
哀伤	2002	2258	1625
哀伤	2001	2254	1576
哀痛	2008	154	137
哀痛	2007	108	94
哀痛	2006	195	177
哀痛	2005	168	160
哀痛	2004	144	142
哀痛	2003	198	194
哀痛	2002	153	149
哀痛	2001	176	168
哀怨	2008	110	102
哀怨	2007	148	140
哀怨	2006	157	143
哀怨	2005	186	173
哀怨	2004	128	125
哀怨	2003	156	145
哀怨	2002	183	170
哀怨	2001	156	156
傲视	2008	214	202
傲视	2007	202	185
傲视	2006	239	225
傲视	2005	267	249
傲视	2004	242	220
傲视	2003	251	223
傲视	2002	288	274
傲视	2001	287	276
懊	2008	82	38
懊	2007	54	33
懊	2006	73	57
懊	2005	56	52
懊	2004	80	66
懊	2003	128	97
懊	2002	75	62
懊	2001	102	92
懊恨	2007	1	1
懊恨	2006	4	3
懊恨	2003	5	4
懊恨	2002	1	1
懊恨	2001	1	1
懊悔	2008	306	283
懊悔	2007	320	269
懊悔	2006	490	437
懊悔	2005	507	457
懊悔	2004	430	380
懊悔	2003	455	408
懊悔	2002	437	397
懊悔	2001	442	389
懊恼	2008	228	214
懊恼	2007	278	257
懊恼	2006	353	306
懊恼	2005	448	410
懊恼	2004	342	323
懊恼	2003	320	284
懊恼	2002	440	401
懊恼	2001	366	340
懊丧	2008	11	11
懊丧	2007	15	15
懊丧	2006	14	14
懊丧	2005	20	20
懊丧	2004	23	23
懊丧	2003	20	20
懊丧	2002	26	22
懊丧	2001	12	12
败兴	2007	2	2
败兴	2005	2	2
败兴	2004	6	6
败兴	2003	2	2
败兴	2002	8	8
败兴	2001	4	4
板	2008	34598	6278
板	2007	32250	6975
板	2006	92548	10954
板	2005	149274	13502
板	2004	50036	10226
板	2003	53130	9274
板	2002	55340	10168
板	2001	57888	9233
半信半疑	2008	120	116
半信半疑	2007	111	109
半信半疑	2006	165	160
半信半疑	2005	259	244
半信半疑	2004	228	210
半信半疑	2003	176	141
半信半疑	2002	184	181
半信半疑	2001	158	157
包涵	2008	986	759
包涵	2007	990	767
包涵	2006	1242	962
包涵	2005	1738	1318
包涵	2004	1242	1008
包涵	2003	1294	1009
包涵	2002	1652	1180
包涵	2001	1434	1028
包容	2008	12134	3830
包容	2007	12424	4162
包容	2006	13964	5638
包容	2005	14080	5988
包容	2004	11864	4986
包容	2003	10620	4476
包容	2002	10838	4682
包容	2001	9194	4056
褒贬	2008	156	144
褒贬	2007	157	151
褒贬	2006	203	189
褒贬	2005	239	215
褒贬	2004	201	178
褒贬	2003	125	117
褒贬	2002	143	136
褒贬	2001	158	145
薄	2008	4350	2723
薄	2007	5426	2997
薄	2006	7046	3973
薄	2005	7632	4324
薄	2004	6690	3776
薄	2003	6066	3599
薄	2002	5456	3782
薄	2001	5178	3542
抱不平	2008	60	58
抱不平	2007	56	56
抱不平	2006	104	102
抱不平	2005	108	104
抱不平	2004	92	92
抱不平	2003	100	92
抱不平	2002	132	126
抱不平	2001	108	100
抱憾	2008	35	34
抱憾	2007	42	42
抱憾	2006	72	68
抱憾	2005	78	76
抱憾	2004	32	32
抱憾	2003	32	28
抱憾	2002	36	36
抱憾	2001	36	34
抱恨	2008	8	8
抱恨	2007	4	4
抱恨	2006	8	8
抱恨	2005	12	12
抱恨	2004	6	6
抱恨	2003	22	22
抱恨	2002	15	15
抱恨	2001	14	14
抱愧	2008	12	10
抱愧	2007	4	4
抱愧	2006	25	25
抱愧	2005	12	12
抱愧	2004	12	12
抱愧	2003	6	6
抱愧	2002	19	17
抱愧	2001	11	11
抱歉	2008	2614	1394
抱歉	2007	2677	1455
抱歉	2006	3807	2093
抱歉	2005	5004	2722
抱歉	2004	4353	2345
抱歉	2003	4181	2113
抱歉	2002	4667	2590
抱歉	2001	4072	2173
抱怨	2008	14308	4506
抱怨	2007	15124	5069
抱怨	2006	20144	7225
抱怨	2005	23730	8578
抱怨	2004	20088	6998
抱怨	2003	19260	6440
抱怨	2002	17618	6749
抱怨	2001	15424	6173
暴跳	2008	19	19
暴跳	2007	13	13
暴跳	2006	14	14
暴跳	2005	20	20
暴跳	2004	12	10
暴跳	2003	16	16
暴跳	2002	21	19
暴跳	2001	39	39
暴跳如雷	2008	36	36
暴跳如雷	2007	34	32
暴跳如雷	2006	50	50
暴跳如雷	2005	119	109
暴跳如雷	2004	97	91
暴跳如雷	2003	89	89
暴跳如雷	2002	101	101
暴跳如雷	2001	66	66
杯弓蛇影	2008	2	2
杯弓蛇影	2007	2	2
杯弓蛇影	2006	1	1
杯弓蛇影	2005	8	8
杯弓蛇影	2004	3	3
杯弓蛇影	2003	4	4
杯弓蛇影	2002	3	3
杯弓蛇影	2001	1	1
悲	2008	2684	1677
悲	2007	2686	1643
悲	2006	3438	2229
悲	2005	3392	2228
悲	2004	2780	1895
悲	2003	2694	1866
悲	2002	2822	2068
悲	2001	2608	1845
悲哀	2008	11060	4365
悲哀	2007	11572	4451
悲哀	2006	17426	6819
悲哀	2005	18788	7608
悲哀	2004	16436	6450
悲哀	2003	15614	5824
悲哀	2002	17596	6794
悲哀	2001	17074	6063
悲愁	2008	26	26
悲愁	2007	16	16
悲愁	2006	20	20
悲愁	2005	40	38
悲愁	2004	37	37
悲愁	2003	36	36
悲愁	2002	45	44
悲愁	2001	36	36
悲悯	2008	195	176
悲悯	2007	207	166
悲悯	2006	354	250
悲悯	2005	317	232
悲悯	2004	172	144
悲悯	2003	173	153
悲悯	2002	258	224
悲悯	2001	126	112
悲戚	2008	36	36
悲戚	2007	36	34
悲戚	2006	39	39
悲戚	2005	38	38
悲戚	2004	48	48
悲戚	2003	34	34
悲戚	2002	26	26
悲戚	2001	26	26
悲凄	2008	4	4
悲凄	2007	7	7
悲凄	2006	6	6
悲凄	2005	3	3
悲凄	2004	13	13
悲凄	2003	1	1
悲凄	2002	3	3
悲凄	2001	1	1
悲切	2008	158	151
悲切	2007	130	120
悲切	2006	194	182
悲切	2005	220	211
悲切	2004	214	203
悲切	2003	174	162
悲切	2002	166	152
悲切	2001	206	201
悲伤	2008	9954	3691
悲伤	2007	9716	3702
悲伤	2006	12334	5266
悲伤	2005	12900	5886
悲伤	2004	10736	4791
悲伤	2003	9768	4407
悲伤	2002	10648	4899
悲伤	2001	10902	4548
悲天悯人	2008	82	76
悲天悯人	2007	94	88
悲天悯人	2006	192	165
悲天悯人	2005	122	116
悲天悯人	2004	108	106
悲天悯人	2003	78	76
悲天悯人	2002	129	115
悲天悯人	2001	114	98
悲痛	2008	7440	3473
悲痛	2007	6026	3215
悲痛	2006	9328	4930
悲痛	2005	10798	5800
悲痛	2004	8734	4632
悲痛	2003	7944	4026
悲痛	2002	9040	4704
悲痛	2001	9458	4555
绷	2008	543	450
绷	2007	515	435
绷	2006	603	502
绷	2005	650	547
绷	2004	521	437
绷	2003	429	387
绷	2002	517	453
绷	2001	403	364
鄙	2008	260	242
鄙	2007	295	250
鄙	2006	455	392
鄙	2005	664	576
鄙	2004	458	421
鄙	2003	466	429
鄙	2002	598	536
鄙	2001	484	445
鄙薄	2008	34	32
鄙薄	2007	36	36
鄙薄	2006	74	69
鄙薄	2005	62	60
鄙薄	2004	60	58
鄙薄	2003	68	68
鄙薄	2002	83	70
鄙薄	2001	98	98
鄙弃	2008	85	75
鄙弃	2007	50	50
鄙弃	2006	80	80
鄙弃	2005	136	131
鄙弃	2004	134	130
鄙弃	2003	76	72
鄙弃	2002	104	104
鄙弃	2001	105	101
鄙视	2008	1470	1191
鄙视	2007	1770	1401
鄙视	2006	2278	1835
鄙视	2005	2468	1979
鄙视	2004	2222	1769
鄙视	2003	1908	1566
鄙视	2002	2128	1732
鄙视	2001	1937	1545
鄙夷	2008	426	377
鄙夷	2007	475	411
鄙夷	2006	686	621
鄙夷	2005	675	583
鄙夷	2004	604	538
鄙夷	2003	537	483
鄙夷	2002	676	584
鄙夷	2001	487	431
鞭挞	2008	892	732
鞭挞	2007	971	789
鞭挞	2006	1361	1105
鞭挞	2005	1599	1272
鞭挞	2004	1261	1021
鞭挞	2003	1243	982
鞭挞	2002	1669	1301
鞭挞	2001	1452	1131
贬斥	2008	508	456
贬斥	2007	579	492
贬斥	2006	864	739
贬斥	2005	846	739
贬斥	2004	737	578
贬斥	2003	647	603
贬斥	2002	764	638
贬斥	2001	695	600
变脸	2008	76	70
变脸	2007	76	68
变脸	2006	136	103
变脸	2005	115	105
变脸	2004	116	111
变脸	2003	105	88
变脸	2002	92	72
变脸	2001	64	56
变色	2008	1040	801
变色	2007	1064	857
变色	2006	1886	1380
变色	2005	1819	1485
变色	2004	1524	1225
变色	2003	1330	1069
变色	2002	1770	1404
变色	2001	1642	1296
变心	2008	142	126
变心	2007	150	145
变心	2006	242	215
变心	2005	302	253
变心	2004	198	180
变心	2003	222	202
变心	2002	238	193
变心	2001	254	222
憋	2008	22	20
憋	2007	26	13
憋	2006	215	35
憋	2005	46	38
憋	2004	48	19
憋	2003	17	17
憋	2002	17	17
憋	2001	4	4
憋闷	2008	16	16
憋闷	2007	8	8
憋闷	2006	20	20
憋闷	2005	44	42
憋闷	2004	16	16
憋闷	2003	18	18
憋闷	2002	20	20
憋闷	2001	36	36
憋气	2008	8	8
憋气	2007	12	12
憋气	2006	22	22
憋气	2005	30	30
憋气	2004	14	14
憋气	2003	26	24
憋气	2002	38	38
憋气	2001	14	14
不甘	2008	2613	1927
不甘	2007	2651	1963
不甘	2006	3629	2812
不甘	2005	4337	3321
不甘	2004	3699	2798
不甘	2003	3413	2592
不甘	2002	4520	3275
不甘	2001	4264	3008
不顾	2008	26926	7265
不顾	2007	29335	8047
不顾	2006	40464	12316
不顾	2005	48463	14399
不顾	2004	40598	11932
不顾	2003	37141	10579
不顾	2002	43264	11756
不顾	2001	44395	11283
不寒而栗	2008	664	578
不寒而栗	2007	752	635
不寒而栗	2006	924	814
不寒而栗	2005	1170	1038
不寒而栗	2004	928	801
不寒而栗	2003	774	657
不寒而栗	2002	1055	901
不寒而栗	2001	914	782
不快	2008	4092	2766
不快	2007	4726	3158
不快	2006	6500	4410
不快	2005	8148	5354
不快	2004	7480	4691
不快	2003	6867	4228
不快	2002	7714	4927
不快	2001	7740	4791
不满	2008	46090	10246
不满	2007	51686	11368
不满	2006	77656	17938
不满	2005	81808	20057
不满	2004	67476	16474
不满	2003	60750	14731
不满	2002	71246	16050
不满	2001	65500	15103
不满意	2008	28	14
不满意	2007	20	3
不满意	2006	6	6
不满意	2005	7	3
不满意	2004	1	1
不满意	2003	14	1
不满意	2002	5	2
不满意	2001	38	4
不满足	2008	2	2
不满足	2007	26	2
不满足	2006	2	2
不满足	2005	3	3
不满足	2003	3	3
不满足	2002	4	2
不满足	2001	1	1
不平	2008	10766	5407
不平	2007	11780	5944
不平	2006	16212	8519
不平	2005	18134	9436
不平	2004	15042	8161
不平	2003	13672	7168
不平	2002	15942	8492
不平	2001	15060	8041
不容	2008	38350	8875
不容	2007	39144	9536
不容	2006	50776	14381
不容	2005	56716	16134
不容	2004	48578	13645
不容	2003	45722	12258
不容	2002	51220	13330
不容	2001	47014	12135
不爽	2008	1004	742
不爽	2007	906	673
不爽	2006	1148	889
不爽	2005	1041	808
不爽	2004	850	714
不爽	2003	698	556
不爽	2002	654	572
不爽	2001	596	531
不屑	2008	2384	1787
不屑	2007	2624	1944
不屑	2006	3272	2560
不屑	2005	3615	2837
不屑	2004	3188	2491
不屑	2003	2714	2120
不屑	2002	3129	2443
不屑	2001	2750	2170
不以为然	2008	2158	1594
不以为然	2007	2264	1684
不以为然	2006	3230	2416
不以为然	2005	3768	2856
不以为然	2004	3092	2322
不以为然	2003	2758	2038
不以为然	2002	3262	2482
不以为然	2001	3158	2348
不愿	2008	72	48
不愿	2007	60	24
不愿	2006	40	16
不愿	2005	62	25
不愿	2004	30	21
不愿	2003	14	10
不愿	2002	32	22
不愿	2001	81	25
不愿意	2008	107	44
不愿意	2007	68	30
不愿意	2006	40	16
不愿意	2005	26	11
不愿意	2004	7	4
不愿意	2002	10	9
不愿意	2001	10	8
不忠	2008	2	2
不忠	2006	6	4
不忠	2005	3	3
不忠	2004	2	2
不忠	2001	6	6
怖	2008	3097	1673
怖	2007	3846	1849
怖	2006	4531	2383
怖	2005	4511	2558
怖	2004	4911	2406
怖	2003	5007	2256
怖	2002	6344	2538
怖	2001	3732	2065
猜忌	2008	236	214
猜忌	2007	327	300
猜忌	2006	452	412
猜忌	2005	396	374
猜忌	2004	303	285
猜忌	2003	308	281
猜忌	2002	317	298
猜忌	2001	281	265
猜疑	2008	998	785
猜疑	2007	1058	815
猜疑	2006	1445	1134
猜疑	2005	1862	1443
猜疑	2004	1550	1189
猜疑	2003	1390	1048
猜疑	2002	1630	1199
猜疑	2001	1304	1020
惭	2008	4	4
惭	2006	15	9
惭	2005	21	19
惭	2004	10	10
惭	2003	20	20
惭	2002	12	12
惭	2001	23	19
惭愧	2008	228	211
惭愧	2007	282	269
惭愧	2006	310	299
惭愧	2005	400	379
惭愧	2004	492	431
惭愧	2003	408	375
惭愧	2002	484	459
惭愧	2001	418	396
惨痛	2008	3600	2482
惨痛	2007	3722	2485
惨痛	2006	4898	3594
惨痛	2005	6094	4221
惨痛	2004	4766	3449
惨痛	2003	4476	3097
惨痛	2002	5370	3751
惨痛	2001	5078	3441
操心	2008	2285	1481
操心	2007	2387	1578
操心	2006	2813	1963
操心	2005	3336	2424
操心	2004	2695	1888
操心	2003	2534	1785
操心	2002	2910	2107
操心	2001	2790	2031
诧	2008	6	6
诧	2007	12	12
诧	2006	20	14
诧	2005	18	18
诧	2004	16	16
诧	2003	28	28
诧	2002	9	9
诧	2001	38	24
诧异	2008	1710	1286
诧异	2007	2058	1386
诧异	2006	2640	1945
诧异	2005	2842	2147
诧异	2004	2436	1803
诧异	2003	2042	1549
诧异	2002	2862	2097
诧异	2001	2662	1821
嘲谑	2008	3	3
嘲谑	2007	2	2
嘲谑	2006	5	5
嘲谑	2005	1	1
嘲谑	2004	4	4
嘲谑	2003	6	6
嘲谑	2002	7	7
嘲谑	2001	10	10
沉闷	2008	2776	1816
沉闷	2007	2770	1788
沉闷	2006	3920	2566
沉闷	2005	4767	3249
沉闷	2004	3886	2623
沉闷	2003	3355	2209
沉闷	2002	4080	2841
沉闷	2001	4244	2690
沉痛	2008	3583	2398
沉痛	2007	3706	2460
沉痛	2006	5532	3701
沉痛	2005	6236	4266
沉痛	2004	5220	3530
沉痛	2003	4834	3179
沉痛	2002	5986	3856
沉痛	2001	5928	3915
沉吟	2008	511	376
沉吟	2007	450	371
沉吟	2006	586	480
沉吟	2005	707	580
沉吟	2004	581	470
沉吟	2003	563	439
沉吟	2002	768	621
沉吟	2001	947	664
沉郁	2008	84	80
沉郁	2007	130	127
沉郁	2006	182	162
沉郁	2005	150	147
沉郁	2004	81	80
沉郁	2003	90	88
沉郁	2002	108	108
沉郁	2001	122	114
沉重	2008	31666	9552
沉重	2007	35502	10568
沉重	2006	48738	16099
沉重	2005	59168	18647
沉重	2004	49404	15589
沉重	2003	46246	14155
沉重	2002	54082	16151
沉重	2001	53776	15103
诚惶诚恐	2008	19	19
诚惶诚恐	2007	18	18
诚惶诚恐	2006	34	34
诚惶诚恐	2005	32	32
诚惶诚恐	2004	50	50
诚惶诚恐	2003	20	20
诚惶诚恐	2002	44	44
诚惶诚恐	2001	28	28
吃不准	2008	237	181
吃不准	2007	255	216
吃不准	2006	270	249
吃不准	2005	341	296
吃不准	2004	295	258
吃不准	2003	306	241
吃不准	2002	280	242
吃不准	2001	394	317
迟疑	2008	2548	1713
迟疑	2007	3068	1955
迟疑	2006	4020	2696
迟疑	2005	4708	3141
迟疑	2004	3936	2607
迟疑	2003	3680	2390
迟疑	2002	4292	2785
迟疑	2001	4145	2615
斥	2008	6658	3039
斥	2007	6869	3112
斥	2006	9789	4676
斥	2005	10473	4836
斥	2004	8696	4020
斥	2003	7413	3654
斥	2002	8809	4213
斥	2001	7608	3794
斥骂	2008	132	114
斥骂	2007	80	78
斥骂	2006	144	136
斥骂	2005	142	132
斥骂	2004	84	81
斥骂	2003	76	76
斥骂	2002	172	146
斥骂	2001	114	101
斥责	2008	1350	1155
斥责	2007	1447	1184
斥责	2006	2183	1820
斥责	2005	2516	2027
斥责	2004	1893	1595
斥责	2003	1819	1462
斥责	2002	2326	1865
斥责	2001	2270	1817
踌躇	2008	549	486
踌躇	2007	586	521
踌躇	2006	1002	867
踌躇	2005	1110	956
踌躇	2004	1002	825
踌躇	2003	844	755
踌躇	2002	1082	908
踌躇	2001	830	744
愁	2008	426	384
愁	2007	460	425
愁	2006	638	555
愁	2005	730	672
愁	2004	630	589
愁	2003	904	734
愁	2002	810	752
愁	2001	738	661
愁眉苦脸	2008	34	34
愁眉苦脸	2007	20	20
愁眉苦脸	2006	38	36
愁眉苦脸	2005	59	58
愁眉苦脸	2004	18	18
愁眉苦脸	2003	32	32
愁眉苦脸	2002	57	55
愁眉苦脸	2001	30	30
愁闷	2008	24	24
愁闷	2007	24	24
愁闷	2006	20	20
愁闷	2005	50	46
愁闷	2004	26	24
愁闷	2003	35	33
愁闷	2002	32	32
愁闷	2001	52	48
仇恨	2008	8418	3252
仇恨	2007	10012	3578
仇恨	2006	13836	5252
仇恨	2005	16306	6054
仇恨	2004	12056	4730
仇恨	2003	11010	4260
仇恨	2002	13902	5230
仇恨	2001	12530	4720
仇视	2008	2122	1591
仇视	2007	2577	1873
仇视	2006	3780	2599
仇视	2005	3979	2926
仇视	2004	3280	2360
仇视	2003	3320	2290
仇视	2002	3862	2738
仇视	2001	3409	2436
臭骂	2008	6	6
臭骂	2007	4	4
臭骂	2006	6	6
臭骂	2005	16	16
臭骂	2004	14	14
臭骂	2003	10	9
臭骂	2002	12	12
臭骂	2001	18	15
出气	2008	156	144
出气	2007	201	188
出气	2006	304	264
出气	2005	284	258
出气	2004	212	208
出气	2003	209	193
出气	2002	242	224
出气	2001	258	244
出神	2008	236	205
出神	2007	284	232
出神	2006	367	301
出神	2005	372	339
出神	2004	332	312
出神	2003	300	270
出神	2002	478	397
出神	2001	350	290
垂头丧气	2008	446	365
垂头丧气	2007	479	414
垂头丧气	2006	608	541
垂头丧气	2005	765	660
垂头丧气	2004	680	595
垂头丧气	2003	512	450
垂头丧气	2002	811	690
垂头丧气	2001	638	570
错愕	2008	199	175
错愕	2007	187	162
错愕	2006	159	132
错愕	2005	164	146
错愕	2004	117	107
错愕	2003	99	92
错愕	2002	121	112
错愕	2001	116	97
大吃一惊	2008	1919	1252
大吃一惊	2007	2088	1341
大吃一惊	2006	2984	2004
大吃一惊	2005	3675	2501
大吃一惊	2004	3281	2072
大吃一惊	2003	2558	1788
大吃一惊	2002	3594	2382
大吃一惊	2001	3336	2103
大发雷霆	2008	183	169
大发雷霆	2007	212	198
大发雷霆	2006	270	250
大发雷霆	2005	430	378
大发雷霆	2004	300	276
大发雷霆	2003	250	232
大发雷霆	2002	396	348
大发雷霆	2001	315	263
大失所望	2008	714	634
大失所望	2007	750	678
大失所望	2006	1080	986
大失所望	2005	1366	1216
大失所望	2004	1252	1034
大失所望	2003	1083	937
大失所望	2002	1344	1160
大失所望	2001	1146	995
呆	2008	10356	3031
呆	2007	12068	3488
呆	2006	15690	5282
呆	2005	20840	6574
呆	2004	16158	5246
呆	2003	15312	4840
呆	2002	18628	5874
呆	2001	18700	5238
呆若木鸡	2008	10	10
呆若木鸡	2007	3	3
呆若木鸡	2006	9	9
呆若木鸡	2005	3	3
呆若木鸡	2004	4	4
呆若木鸡	2003	8	8
呆若木鸡	2002	13	13
呆若木鸡	2001	4	4
呆滞	2008	111	107
呆滞	2007	130	121
呆滞	2006	258	211
呆滞	2005	346	309
呆滞	2004	244	207
呆滞	2003	284	258
呆滞	2002	397	310
呆滞	2001	366	323
贷	2008	17848	2873
贷	2007	15216	3210
贷	2006	20652	4598
贷	2005	27956	5599
贷	2004	24084	4680
贷	2003	26266	4484
贷	2002	23228	4818
贷	2001	23040	4863
担惊受怕	2008	284	249
担惊受怕	2007	319	271
担惊受怕	2006	424	399
担惊受怕	2005	557	507
担惊受怕	2004	411	369
担惊受怕	2003	402	363
担惊受怕	2002	364	323
担惊受怕	2001	327	308
担心	2008	66928	8798
担心	2007	69798	9863
担心	2006	87590	14998
担心	2005	102512	17556
担心	2004	87926	14284
担心	2003	82106	12727
担心	2002	87392	13974
担心	2001	81460	12742
担忧	2008	20332	6326
担忧	2007	19286	6612
担忧	2006	22432	9099
担忧	2005	24200	10452
担忧	2004	21898	8850
担忧	2003	19194	7803
担忧	2002	20178	8365
担忧	2001	19444	7944
胆寒	2008	235	217
胆寒	2007	265	236
胆寒	2006	361	318
胆寒	2005	407	351
胆寒	2004	369	308
胆寒	2003	335	299
胆寒	2002	322	297
胆寒	2001	322	295
胆战心惊	2008	158	148
胆战心惊	2007	115	103
胆战心惊	2006	175	165
胆战心惊	2005	249	231
胆战心惊	2004	194	176
胆战心惊	2003	207	197
胆战心惊	2002	190	176
胆战心惊	2001	205	194
惮	2008	404	381
惮	2007	365	338
惮	2006	485	444
惮	2005	516	491
惮	2004	497	465
惮	2003	508	460
惮	2002	619	577
惮	2001	534	512
当头棒喝	2008	93	93
当头棒喝	2007	119	119
当头棒喝	2006	170	162
当头棒喝	2005	130	126
当头棒喝	2004	123	117
当头棒喝	2003	104	104
当头棒喝	2002	84	84
当头棒喝	2001	109	105
瞪眼	2008	10	10
瞪眼	2007	8	8
瞪眼	2006	8	8
瞪眼	2005	12	12
瞪眼	2004	12	12
瞪眼	2003	37	16
瞪眼	2002	14	14
瞪眼	2001	20	20
低沉	2008	190	171
低沉	2007	213	192
低沉	2006	336	308
低沉	2005	338	305
低沉	2004	326	310
低沉	2003	252	232
低沉	2002	326	303
低沉	2001	312	293
低落	2008	1744	1247
低落	2007	1886	1396
低落	2006	2700	1978
低落	2005	3308	2404
低落	2004	2520	1907
低落	2003	2553	1854
低落	2002	3030	2190
低落	2001	2744	2001
敌视	2008	3709	2136
敌视	2007	4474	2376
敌视	2006	6446	3313
敌视	2005	6524	3675
敌视	2004	6237	3291
敌视	2003	6346	3189
敌视	2002	6660	3329
敌视	2001	6297	3229
惦	2008	4	4
惦	2007	15	10
惦	2006	43	31
惦	2005	13	13
惦	2004	18	16
惦	2003	21	21
惦	2002	13	11
惦	2001	16	16
惦记	2008	98	98
惦记	2007	88	84
惦记	2006	94	92
惦记	2005	130	128
惦记	2004	83	81
惦记	2003	103	99
惦记	2002	92	92
惦记	2001	113	109
惦念	2008	433	356
惦念	2007	320	293
惦念	2006	532	455
惦念	2005	560	491
惦念	2004	546	440
惦念	2003	402	358
惦念	2002	484	420
惦念	2001	466	420
掉以轻心	2008	964	748
掉以轻心	2007	1218	925
掉以轻心	2006	1552	1253
掉以轻心	2005	1841	1533
掉以轻心	2004	1476	1178
掉以轻心	2003	1794	1340
掉以轻心	2002	1782	1442
掉以轻心	2001	2010	1477
动肝火	2008	16	16
动肝火	2007	12	12
动肝火	2006	28	28
动肝火	2005	22	22
动肝火	2004	44	44
动肝火	2003	14	14
动肝火	2002	32	32
动肝火	2001	18	18
动怒	2008	130	124
动怒	2007	126	121
动怒	2006	192	170
动怒	2005	200	191
动怒	2004	272	249
动怒	2003	184	159
动怒	2002	260	230
动怒	2001	192	185
动气	2008	55	55
动气	2007	94	87
动气	2006	81	78
动气	2005	70	68
动气	2004	68	68
动气	2003	86	86
动气	2002	100	96
动气	2001	156	140
动摇	2008	17358	5364
动摇	2007	18272	5984
动摇	2006	25036	8818
动摇	2005	28102	10122
动摇	2004	25732	8674
动摇	2003	25604	7802
动摇	2002	28760	8732
动摇	2001	30080	8194
恫	2008	6	4
恫	2007	8	8
恫	2006	37	29
恫	2005	18	16
恫	2004	28	28
恫	2003	17	15
恫	2002	24	24
恫	2001	18	16
斗	2008	15124	5563
斗	2007	18962	6425
斗	2006	23918	9118
斗	2005	28982	11083
斗	2004	23544	9218
斗	2003	27120	9181
斗	2002	27896	9809
斗	2001	35226	9562
斗争	2008	221836	10319
斗争	2007	269294	11139
斗争	2006	399618	17615
斗争	2005	447838	19732
斗争	2004	370624	16839
斗争	2003	412458	15096
斗争	2002	436966	16509
斗争	2001	508750	15317
堵	2008	3838	2173
堵	2007	4106	2422
堵	2006	5014	3295
堵	2005	5784	3849
堵	2004	4854	2998
堵	2003	4440	2917
堵	2002	4976	3287
堵	2001	4996	3217
断肠	2008	6	6
断肠	2007	4	4
断肠	2006	12	8
断肠	2005	16	16
断肠	2004	10	10
断肠	2003	21	18
断肠	2002	6	6
断肠	2001	15	15
恶	2008	12044	5662
恶	2007	13330	6147
恶	2006	18432	9073
恶	2005	19334	10138
恶	2004	17130	8325
恶	2003	16440	7877
恶	2002	19218	9325
恶	2001	18606	8539
扼腕	2008	41	37
扼腕	2007	51	45
扼腕	2006	48	46
扼腕	2005	44	42
扼腕	2004	75	65
扼腕	2003	50	48
扼腕	2002	53	51
扼腕	2001	39	39
发愁	2008	1776	1187
发愁	2007	1838	1278
发愁	2006	2386	1656
发愁	2005	2944	2123
发愁	2004	2462	1749
发愁	2003	2173	1549
发愁	2002	2881	2021
发愁	2001	2685	1826
发呆	2008	1172	687
发呆	2007	1202	703
发呆	2006	1358	821
发呆	2005	1597	1013
发呆	2004	1318	808
发呆	2003	1161	672
发呆	2002	1195	756
发呆	2001	1195	754
发狠	2008	8	8
发狠	2007	9	9
发狠	2006	2	2
发狠	2005	6	6
发狠	2004	4	4
发狠	2003	8	8
发狠	2002	4	4
发狠	2001	4	4
发火	2008	776	552
发火	2007	860	609
发火	2006	858	665
发火	2005	1494	937
发火	2004	1053	787
发火	2003	1155	798
发火	2002	1176	786
发火	2001	1292	884
发急	2008	32	28
发急	2007	22	22
发急	2006	28	26
发急	2005	36	32
发急	2004	44	42
发急	2003	43	43
发急	2002	34	32
发急	2001	38	34
发毛	2008	78	78
发毛	2007	90	90
发毛	2006	112	110
发毛	2005	122	115
发毛	2004	110	102
发毛	2003	75	75
发毛	2002	107	101
发毛	2001	136	131
发怒	2008	818	645
发怒	2007	848	644
发怒	2006	1249	936
发怒	2005	1281	1063
发怒	2004	1407	941
发怒	2003	1214	887
发怒	2002	1252	938
发怒	2001	1373	1004
发脾气	2008	2	2
发脾气	2007	2	2
发脾气	2006	4	4
发脾气	2005	10	4
发脾气	2004	2	2
发脾气	2003	8	5
发脾气	2002	2	2
发脾气	2001	14	13
发怔	2008	1	1
发怔	2006	2	2
发怔	2005	2	2
发怔	2004	1	1
发怔	2002	1	1
发怔	2001	4	4
发作	2008	5172	2018
发作	2007	5886	2202
发作	2006	8740	3318
发作	2005	10676	3962
发作	2004	8856	3256
发作	2003	6684	2922
发作	2002	7944	3300
发作	2001	7296	3180
烦	2008	4365	2424
烦	2007	4499	2591
烦	2006	5586	3569
烦	2005	6912	4503
烦	2004	6276	3809
烦	2003	5868	3564
烦	2002	6828	4072
烦	2001	6710	4038
烦闷	2008	114	109
烦闷	2007	84	84
烦闷	2006	232	210
烦闷	2005	330	265
烦闷	2004	224	200
烦闷	2003	154	139
烦闷	2002	289	201
烦闷	2001	200	174
烦恼	2008	12375	4204
烦恼	2007	12633	4377
烦恼	2006	17754	6603
烦恼	2005	18512	7318
烦恼	2004	17388	6248
烦恼	2003	16242	5663
烦恼	2002	17636	6370
烦恼	2001	15434	5671
烦扰	2008	11	11
烦扰	2007	15	15
烦扰	2006	28	28
烦扰	2005	41	37
烦扰	2004	28	28
烦扰	2003	36	36
烦扰	2002	56	46
烦扰	2001	31	31
烦忧	2008	23	21
烦忧	2007	47	47
烦忧	2006	58	56
烦忧	2005	49	48
烦忧	2004	38	35
烦忧	2003	53	47
烦忧	2002	32	30
烦忧	2001	28	25
烦躁	2008	122	116
烦躁	2007	158	148
烦躁	2006	182	174
烦躁	2005	241	231
烦躁	2004	198	193
烦躁	2003	242	202
烦躁	2002	192	186
烦躁	2001	191	182
反感	2008	6348	3637
反感	2007	7158	4020
反感	2006	9896	5783
反感	2005	11812	6869
反感	2004	9302	5456
反感	2003	8494	4906
反感	2002	10044	5632
反感	2001	8826	5013
犯愁	2008	376	332
犯愁	2007	458	417
犯愁	2006	494	420
犯愁	2005	645	582
犯愁	2004	508	459
犯愁	2003	433	384
犯愁	2002	598	510
犯愁	2001	596	508
犯难	2008	408	367
犯难	2007	320	280
犯难	2006	396	368
犯难	2005	528	484
犯难	2004	380	348
犯难	2003	411	373
犯难	2002	468	438
犯难	2001	437	398
非难	2008	1685	1024
非难	2007	1376	985
非难	2006	2369	1555
非难	2005	2906	1883
非难	2004	2299	1551
非难	2003	2155	1536
非难	2002	2362	1613
非难	2001	2075	1496
非议	2008	4516	2965
非议	2007	4352	2959
非议	2006	5510	3897
非议	2005	6554	4515
非议	2004	5530	3811
非议	2003	4956	3436
非议	2002	5508	3883
非议	2001	5212	3593
忿忿	2007	2	2
忿忿	2006	9	9
忿忿	2005	9	9
忿忿	2004	9	9
忿忿	2003	14	14
忿忿	2002	13	13
忿忿	2001	6	6
愤愤	2008	95	95
愤愤	2007	95	89
愤愤	2006	147	143
愤愤	2005	162	157
愤愤	2004	162	153
愤愤	2003	139	135
愤愤	2002	182	173
愤愤	2001	140	130
愤恨	2008	1732	1325
愤恨	2007	1686	1321
愤恨	2006	2892	1909
愤恨	2005	2820	2251
愤恨	2004	2482	1850
愤恨	2003	1936	1532
愤恨	2002	2858	2088
愤恨	2001	2314	1769
愤怒	2008	20152	6194
愤怒	2007	21618	6721
愤怒	2006	28216	9901
愤怒	2005	32090	11455
愤怒	2004	27676	9300
愤怒	2003	25948	8420
愤怒	2002	29532	9758
愤怒	2001	27034	8918
愤世嫉俗	2008	70	68
愤世嫉俗	2007	77	73
愤世嫉俗	2006	174	166
愤世嫉俗	2005	196	184
愤世嫉俗	2004	177	170
愤世嫉俗	2003	162	155
愤世嫉俗	2002	139	134
愤世嫉俗	2001	105	97
愤懑	2008	27	27
愤懑	2007	36	36
愤懑	2006	64	64
愤懑	2005	70	68
愤懑	2004	45	45
愤懑	2003	54	54
愤懑	2002	44	44
愤懑	2001	49	49
讽	2008	404	366
讽	2007	536	485
讽	2006	698	579
讽	2005	706	627
讽	2004	622	536
讽	2003	514	448
讽	2002	763	668
讽	2001	688	611
讽刺	2008	16137	5212
讽刺	2007	16232	5370
讽刺	2006	28678	8516
讽刺	2005	29966	9667
讽刺	2004	22799	7933
讽刺	2003	22398	7121
讽刺	2002	24805	8067
讽刺	2001	21739	6777
付之一笑	2008	76	70
付之一笑	2007	68	65
付之一笑	2006	122	120
付之一笑	2005	165	159
付之一笑	2004	143	129
付之一笑	2003	148	142
付之一笑	2002	167	165
付之一笑	2001	154	138
负疚	2008	125	108
负疚	2007	186	137
负疚	2006	157	152
负疚	2005	237	218
负疚	2004	134	116
负疚	2003	170	138
负疚	2002	182	161
负疚	2001	187	163
负气	2008	22	22
负气	2007	18	18
负气	2006	28	28
负气	2005	24	23
负气	2004	23	22
负气	2003	34	32
负气	2002	34	34
负气	2001	38	36
肝肠寸断	2008	20	20
肝肠寸断	2007	20	20
肝肠寸断	2006	10	10
肝肠寸断	2005	35	35
肝肠寸断	2004	11	11
肝肠寸断	2003	20	20
肝肠寸断	2002	27	27
肝肠寸断	2001	42	42
感伤	2008	512	387
感伤	2007	566	455
感伤	2006	924	636
感伤	2005	874	659
感伤	2004	622	494
感伤	2003	640	500
感伤	2002	898	623
感伤	2001	652	493
当头棒喝	2008	93	93
当头棒喝	2007	119	119
当头棒喝	2006	170	162
当头棒喝	2005	130	126
当头棒喝	2004	123	117
当头棒喝	2003	104	104
当头棒喝	2002	84	84
当头棒喝	2001	109	105
攻击	2008	57730	8764
攻击	2007	72760	9740
攻击	2006	116208	15107
攻击	2005	148022	17241
攻击	2004	89230	13906
攻击	2003	88322	12445
攻击	2002	97962	13567
攻击	2001	91770	12392
顾忌	2008	4692	3133
顾忌	2007	4940	3280
顾忌	2006	6890	4733
顾忌	2005	7974	5509
顾忌	2004	6708	4659
顾忌	2003	5606	3860
顾忌	2002	7350	4814
顾忌	2001	6888	4497
顾虑	2008	9416	4374
顾虑	2007	10118	4837
顾虑	2006	13454	6913
顾虑	2005	15888	8003
顾虑	2004	14830	6761
顾虑	2003	12990	6117
顾虑	2002	15632	7149
顾虑	2001	14676	6558
顾念	2008	33	33
顾念	2007	42	38
顾念	2006	40	40
顾念	2005	57	53
顾念	2004	44	44
顾念	2003	41	35
顾念	2002	36	36
顾念	2001	76	76
挂	2008	10938	4207
挂	2007	11780	4574
挂	2006	15962	6976
挂	2005	19020	8329
挂	2004	14682	6568
挂	2003	13364	5984
挂	2002	15198	6723
挂	2001	15202	6433
挂怀	2008	6	6
挂怀	2007	4	4
挂怀	2006	5	5
挂怀	2005	4	4
挂怀	2004	4	4
挂怀	2003	2	2
挂怀	2002	4	4
挂怀	2001	5	5
挂虑	2008	37	34
挂虑	2007	21	15
挂虑	2006	76	73
挂虑	2005	61	61
挂虑	2004	54	50
挂虑	2003	60	59
挂虑	2002	70	67
挂虑	2001	55	51
挂念	2008	646	512
挂念	2007	660	528
挂念	2006	780	682
挂念	2005	895	784
挂念	2004	905	773
挂念	2003	752	606
挂念	2002	779	666
挂念	2001	801	642
挂牵	2008	3	3
挂牵	2005	2	2
挂牵	2003	1	1
挂牵	2002	2	2
挂牵	2001	1	1
怪	2008	11750	4330
怪	2007	13028	4648
怪	2006	16992	7142
怪	2005	20282	8359
怪	2004	17562	6983
怪	2003	16094	6271
怪	2002	19120	7686
怪	2001	17976	6797
怪罪	2008	115	111
怪罪	2007	119	114
怪罪	2006	178	174
怪罪	2005	212	200
怪罪	2004	189	169
怪罪	2003	188	180
怪罪	2002	193	174
怪罪	2001	162	157
光火	2008	10	10
光火	2007	22	22
光火	2006	23	22
光火	2005	32	32
光火	2004	18	17
光火	2003	16	16
光火	2002	26	26
光火	2001	14	14
过不去	2008	824	622
过不去	2007	961	725
过不去	2006	1081	862
过不去	2005	1393	1100
过不去	2004	1187	917
过不去	2003	1117	863
过不去	2002	1213	962
过不去	2001	1263	972
过虑	2008	116	110
过虑	2007	112	103
过虑	2006	190	183
过虑	2005	225	223
过虑	2004	218	206
过虑	2003	182	152
过虑	2002	240	225
过虑	2001	226	213
过意不去	2008	128	122
过意不去	2007	134	128
过意不去	2006	176	164
过意不去	2005	177	167
过意不去	2004	195	181
过意不去	2003	152	142
过意不去	2002	200	196
过意不去	2001	183	169
害怕	2008	25748	5330
害怕	2007	27612	5980
害怕	2006	36792	8910
害怕	2005	45214	10520
害怕	2004	39044	8786
害怕	2003	36964	7970
害怕	2002	39268	8780
害怕	2001	39528	8022
害羞	2008	948	687
害羞	2007	1044	747
害羞	2006	1383	986
害羞	2005	1828	1210
害羞	2004	1549	963
害羞	2003	1603	980
害羞	2002	1636	1115
害羞	2001	1306	961
害臊	2008	12	12
害臊	2007	6	6
害臊	2006	9	9
害臊	2005	12	12
害臊	2004	10	10
害臊	2003	12	12
害臊	2002	14	14
害臊	2001	10	10
骇	2008	314	270
骇	2007	354	276
骇	2006	545	450
骇	2005	550	489
骇	2004	419	364
骇	2003	430	393
骇	2002	470	422
骇	2001	443	416
骇怕	2007	6	6
骇怕	2006	16	14
骇怕	2005	24	24
骇怕	2004	12	12
骇怕	2003	4	4
骇怕	2002	12	12
骇怕	2001	18	17
骇异	2008	14	14
骇异	2007	10	10
骇异	2006	28	28
骇异	2005	28	28
骇异	2004	15	15
骇异	2003	28	28
骇异	2002	26	26
骇异	2001	12	12
含恨	2008	10	10
含恨	2007	11	11
含恨	2006	26	26
含恨	2005	20	20
含恨	2004	12	12
含恨	2003	14	14
含恨	2002	26	26
含恨	2001	14	14
含沙射影	2008	21	21
含沙射影	2007	21	21
含沙射影	2006	31	31
含沙射影	2005	42	40
含沙射影	2004	35	33
含沙射影	2003	17	17
含沙射影	2002	29	29
含沙射影	2001	29	29
含羞	2008	2	2
含羞	2007	4	4
含羞	2006	2	2
含羞	2005	5	5
含羞	2004	6	4
含羞	2003	2	2
含羞	2002	6	6
含羞	2001	7	7
涵容	2008	22	22
涵容	2007	45	35
涵容	2006	48	46
涵容	2005	82	80
涵容	2004	80	70
涵容	2003	49	49
涵容	2002	79	78
涵容	2001	87	84
寒	2008	2322	1747
寒	2007	2246	1770
寒	2006	3194	2511
寒	2005	3666	2923
寒	2004	2964	2274
寒	2003	3046	2218
寒	2002	3200	2508
寒	2001	3214	2483
寒心	2008	140	132
寒心	2007	108	106
寒心	2006	126	122
寒心	2005	174	171
寒心	2004	146	144
寒心	2003	83	81
寒心	2002	203	196
寒心	2001	176	172
憾	2008	2173	1715
憾	2007	2317	1829
憾	2006	2952	2419
憾	2005	3349	2809
憾	2004	2856	2429
憾	2003	2673	2187
憾	2002	3002	2459
憾	2001	2715	2219
汗颜	2008	230	222
汗颜	2007	300	271
汗颜	2006	384	352
汗颜	2005	316	293
汗颜	2004	318	297
汗颜	2003	260	244
汗颜	2002	272	265
汗颜	2001	246	237
呵	2008	550	447
呵	2007	762	556
呵	2006	1376	788
呵	2005	1456	893
呵	2004	1000	712
呵	2003	1026	703
呵	2002	816	601
呵	2001	874	628
呵斥	2008	60	58
呵斥	2007	63	54
呵斥	2006	70	70
呵斥	2005	96	94
呵斥	2004	90	88
呵斥	2003	74	70
呵斥	2002	62	62
呵斥	2001	52	52
呵责	2008	4	4
呵责	2007	4	4
呵责	2006	2	2
呵责	2005	10	10
呵责	2004	6	6
呵责	2003	2	2
呵责	2002	8	8
呵责	2001	10	10
恨	2008	5480	2706
恨	2007	6190	3107
恨	2006	7910	4394
恨	2005	9516	5170
恨	2004	7444	4097
恨	2003	7500	4020
恨	2002	8878	4671
恨	2001	8592	4353
红脸	2008	31	26
红脸	2007	4	4
红脸	2006	18	18
红脸	2005	49	47
红脸	2004	25	25
红脸	2003	26	23
红脸	2002	67	58
红脸	2001	10	10
红眼	2008	90	61
红眼	2007	120	75
红眼	2006	354	105
红眼	2005	217	143
红眼	2004	144	72
红眼	2003	46	44
红眼	2002	121	79
红眼	2001	60	53
后顾之忧	2008	3911	1936
后顾之忧	2007	3699	2113
后顾之忧	2006	4741	2805
后顾之忧	2005	5688	3207
后顾之忧	2004	4991	2824
后顾之忧	2003	5119	2584
后顾之忧	2002	5721	2910
后顾之忧	2001	5460	2740
后悔	2008	4652	1932
后悔	2007	5000	2076
后悔	2006	5920	2850
后悔	2005	7122	3352
后悔	2004	6174	2794
后悔	2003	5782	2558
后悔	2002	6494	3038
后悔	2001	6476	2866
后怕	2008	122	108
后怕	2007	146	144
后怕	2006	152	146
后怕	2005	178	172
后怕	2004	134	129
后怕	2003	112	112
后怕	2002	136	131
后怕	2001	170	165
忽略	2008	53104	8624
忽略	2007	55418	9425
忽略	2006	77732	14833
忽略	2005	85774	16866
忽略	2004	67038	13335
忽略	2003	60416	11775
忽略	2002	58602	12318
忽略	2001	51366	10777
忽视	2008	92660	9823
忽视	2007	98278	10859
忽视	2006	127926	16734
忽视	2005	144344	18965
忽视	2004	125472	15706
忽视	2003	117434	14225
忽视	2002	120836	14735
忽视	2001	119582	13695
怀恨	2008	20	20
怀恨	2007	20	20
怀恨	2006	26	26
怀恨	2005	46	43
怀恨	2004	46	40
怀恨	2003	28	26
怀恨	2002	54	40
怀恨	2001	20	18
怀疑	2008	77218	11574
怀疑	2007	81472	12471
怀疑	2006	121960	20014
怀疑	2005	132964	22414
怀疑	2004	114630	18912
怀疑	2003	107670	16673
怀疑	2002	115314	18225
怀疑	2001	109450	16394
患	2008	25384	5978
患	2007	27668	6548
患	2006	38172	9769
患	2005	40790	10578
患	2004	34140	9283
患	2003	30614	8225
患	2002	28578	8741
患	2001	28120	8433
荒	2008	1966	1330
荒	2007	2103	1297
荒	2006	2818	1746
荒	2005	2940	2000
荒	2004	2572	1723
荒	2003	2160	1481
荒	2002	2212	1676
荒	2001	2548	1731
荒废	2008	878	785
荒废	2007	911	782
荒废	2006	1252	1081
荒废	2005	1397	1155
荒废	2004	1144	1001
荒废	2003	1091	918
荒废	2002	1139	943
荒废	2001	1172	957
皇皇	2008	15	15
皇皇	2007	8	8
皇皇	2006	10	10
皇皇	2005	16	16
皇皇	2004	22	22
皇皇	2003	4	4
皇皇	2002	26	26
皇皇	2001	12	12
惶	2008	325	282
惶	2007	391	365
惶	2006	539	474
惶	2005	529	500
惶	2004	464	436
惶	2003	486	424
惶	2002	591	539
惶	2001	532	480
惶惶	2008	1669	1318
惶惶	2007	1740	1299
惶惶	2006	2574	1963
惶惶	2005	3140	2333
惶惶	2004	2623	1871
惶惶	2003	2091	1581
惶惶	2002	3277	2088
惶惶	2001	2593	1964
惶惑	2008	182	161
惶惑	2007	176	161
惶惑	2006	256	232
惶惑	2005	322	285
惶惑	2004	296	275
惶惑	2003	298	261
惶惑	2002	364	332
惶惑	2001	312	297
惶恐	2008	322	303
惶恐	2007	356	326
惶恐	2006	476	433
惶恐	2005	517	500
惶恐	2004	392	357
惶恐	2003	298	284
惶恐	2002	439	419
惶恐	2001	380	363
惶然	2008	12	12
惶然	2007	6	6
惶然	2006	24	24
惶然	2005	29	29
惶然	2004	22	22
惶然	2003	15	15
惶然	2002	23	19
惶然	2001	20	20
灰溜溜	2006	2	2
灰溜溜	2005	2	2
灰溜溜	2003	8	6
灰溜溜	2002	1	1
灰溜溜	2001	2	2
灰头土脸	2008	168	162
灰头土脸	2007	218	205
灰头土脸	2006	210	195
灰头土脸	2005	225	208
灰头土脸	2004	140	130
灰头土脸	2003	116	113
灰头土脸	2002	182	173
灰头土脸	2001	134	125
灰心	2008	1474	1180
灰心	2007	1553	1289
灰心	2006	2069	1744
灰心	2005	2656	2197
灰心	2004	2391	1860
灰心	2003	2239	1778
灰心	2002	2670	2049
灰心	2001	2415	1888
回头	2008	10502	3449
回头	2007	11546	3738
回头	2006	13768	5316
回头	2005	15988	6276
回头	2004	13060	5052
回头	2003	11872	4630
回头	2002	14186	5536
回头	2001	14560	5140
悔	2008	2926	1833
悔	2007	3510	1937
悔	2006	4005	2582
悔	2005	4414	2994
悔	2004	4592	2331
悔	2003	3816	2391
悔	2002	3838	2420
悔	2001	3920	2408
悔不当初	2008	18	18
悔不当初	2007	21	21
悔不当初	2006	20	20
悔不当初	2005	32	32
悔不当初	2004	20	20
悔不当初	2003	18	18
悔不当初	2002	18	18
悔不当初	2001	32	30
悔恨	2008	220	210
悔恨	2007	248	227
悔恨	2006	351	318
悔恨	2005	396	350
悔恨	2004	332	300
悔恨	2003	288	262
悔恨	2002	390	356
悔恨	2001	422	364
悔悟	2008	44	44
悔悟	2007	60	52
悔悟	2006	86	78
悔悟	2005	102	93
悔悟	2004	66	62
悔悟	2003	65	63
悔悟	2002	86	84
悔悟	2001	56	56
魂不附体	2008	12	12
魂不附体	2007	24	21
魂不附体	2006	14	14
魂不附体	2005	16	16
魂不附体	2004	24	24
魂不附体	2003	11	11
魂不附体	2002	14	13
魂不附体	2001	26	22
魂飞魄散	2008	37	37
魂飞魄散	2007	24	24
魂飞魄散	2006	52	52
魂飞魄散	2005	42	42
魂飞魄散	2004	49	49
魂飞魄散	2003	16	16
魂飞魄散	2002	39	37
魂飞魄散	2001	36	36
火	2008	23498	6814
火	2007	23488	7485
火	2006	30912	10785
火	2005	37072	12277
火	2004	29762	10332
火	2003	27942	9510
火	2002	31996	10590
火	2001	30914	10075
火冒三丈	2008	18	18
火冒三丈	2007	20	20
火冒三丈	2006	26	26
火冒三丈	2005	28	28
火冒三丈	2004	28	28
火冒三丈	2003	18	18
火冒三丈	2002	22	22
火冒三丈	2001	14	14
火烧火燎	2008	115	111
火烧火燎	2007	110	96
火烧火燎	2006	116	107
火烧火燎	2005	136	126
火烧火燎	2004	128	117
火烧火燎	2003	86	81
火烧火燎	2002	108	104
火烧火燎	2001	142	137
饥不择食	2008	14	14
饥不择食	2007	28	28
饥不择食	2006	36	36
饥不择食	2005	22	22
饥不择食	2004	36	36
饥不择食	2003	22	22
饥不择食	2002	30	28
饥不择食	2001	50	50
激愤	2008	68	65
激愤	2007	104	100
激愤	2006	160	153
激愤	2005	184	182
激愤	2004	141	135
激愤	2003	110	110
激愤	2002	120	116
激愤	2001	132	128
讥嘲	2007	3	3
讥嘲	2006	3	3
讥嘲	2005	6	6
讥嘲	2004	2	2
讥嘲	2003	9	9
讥嘲	2002	1	1
讥嘲	2001	3	3
讥刺	2008	16	16
讥刺	2007	8	8
讥刺	2006	18	18
讥刺	2005	20	20
讥刺	2004	32	32
讥刺	2003	18	18
讥刺	2002	19	19
讥刺	2001	22	20
讥讽	2008	13	13
讥讽	2007	16	16
讥讽	2006	35	35
讥讽	2005	48	46
讥讽	2004	26	25
讥讽	2003	33	33
讥讽	2002	30	30
讥讽	2001	32	28
急	2008	17124	6877
急	2007	16986	7576
急	2006	21548	10667
急	2005	23340	12393
急	2004	19900	10231
急	2003	19220	9639
急	2002	19606	10427
急	2001	21364	10887
急死	2008	20	20
急死	2007	52	50
急死	2006	33	33
急死	2005	49	49
急死	2004	36	36
急死	2003	46	45
急死	2002	58	54
急死	2001	46	42
疾	2008	8038	2848
疾	2007	9569	3204
疾	2006	9622	4267
疾	2005	9908	4706
疾	2004	8339	3982
疾	2003	8591	3655
疾	2002	7275	3603
疾	2001	6858	3644
嫉恨	2008	78	75
嫉恨	2007	74	71
嫉恨	2006	158	148
嫉恨	2005	192	187
嫉恨	2004	131	130
嫉恨	2003	124	118
嫉恨	2002	156	146
嫉恨	2001	143	139
忌	2008	1918	1500
忌	2007	2016	1462
忌	2006	2862	2184
忌	2005	3334	2512
忌	2004	3176	2203
忌	2003	2496	1937
忌	2002	3414	2489
忌	2001	2876	2110
忌惮	2008	900	766
忌惮	2007	974	827
忌惮	2006	1203	1057
忌惮	2005	1452	1267
忌惮	2004	1211	1073
忌惮	2003	1012	892
忌惮	2002	1383	1186
忌惮	2001	1198	1046
见怪	2008	60	52
见怪	2007	62	60
见怪	2006	122	116
见怪	2005	145	141
见怪	2004	121	110
见怪	2003	74	72
见怪	2002	134	130
见怪	2001	88	86
将心比心	2008	306	263
将心比心	2007	303	261
将心比心	2006	471	384
将心比心	2005	527	430
将心比心	2004	428	376
将心比心	2003	412	332
将心比心	2002	387	326
将心比心	2001	379	325
将信将疑	2008	616	545
将信将疑	2007	598	513
将信将疑	2006	723	647
将信将疑	2005	948	855
将信将疑	2004	840	716
将信将疑	2003	680	582
将信将疑	2002	835	725
将信将疑	2001	869	732
焦急	2008	3336	2014
焦急	2007	3078	1985
焦急	2006	4223	2975
焦急	2005	5058	3444
焦急	2004	4654	2857
焦急	2003	3520	2357
焦急	2002	4652	3101
焦急	2001	4642	2817
焦虑	2008	25878	4789
焦虑	2007	23706	4903
焦虑	2006	31538	6854
焦虑	2005	28818	7524
焦虑	2004	27848	6335
焦虑	2003	24488	5591
焦虑	2002	21514	6142
焦虑	2001	20844	5632
焦心	2008	27	27
焦心	2007	19	19
焦心	2006	20	20
焦心	2005	34	34
焦心	2004	34	33
焦心	2003	24	24
焦心	2002	44	44
焦心	2001	23	23
焦灼	2008	62	61
焦灼	2007	44	42
焦灼	2006	95	92
焦灼	2005	78	75
焦灼	2004	73	70
焦灼	2003	79	73
焦灼	2002	95	94
焦灼	2001	80	76
娇羞	2008	2	2
娇羞	2007	5	5
娇羞	2006	3	3
娇羞	2005	4	4
娇羞	2004	2	2
娇羞	2003	2	2
娇羞	2002	2	2
娇羞	2001	4	4
教训	2008	58554	8568
教训	2007	61998	9450
教训	2006	88704	14870
教训	2005	106426	17106
教训	2004	91666	14222
教训	2003	88366	12789
教训	2002	100318	14272
教训	2001	107002	13274
叫苦	2008	439	369
叫苦	2007	429	392
叫苦	2006	545	474
叫苦	2005	792	695
叫苦	2004	657	554
叫苦	2003	600	497
叫苦	2002	757	629
叫苦	2001	689	594
叫骂	2008	26	26
叫骂	2007	28	28
叫骂	2006	28	28
叫骂	2005	32	26
叫骂	2004	22	22
叫骂	2003	26	26
叫骂	2002	48	47
叫骂	2001	34	34
叫嚣	2008	551	495
叫嚣	2007	727	577
叫嚣	2006	957	762
叫嚣	2005	1190	950
叫嚣	2004	968	767
叫嚣	2003	1002	742
叫嚣	2002	1089	846
叫嚣	2001	1006	773
解气	2008	187	162
解气	2007	197	180
解气	2006	182	169
解气	2005	265	246
解气	2004	204	195
解气	2003	148	139
解气	2002	226	198
解气	2001	211	191
介怀	2008	2	2
介怀	2007	2	2
介怀	2006	6	6
介怀	2005	6	6
介怀	2004	10	10
介怀	2003	5	5
介怀	2002	4	4
介怀	2001	4	4
介意	2008	1628	1090
介意	2007	1694	1122
介意	2006	2324	1635
介意	2005	2724	1943
介意	2004	2097	1476
介意	2003	2092	1450
介意	2002	2432	1704
介意	2001	2176	1450
进退两难	2008	836	728
进退两难	2007	894	766
进退两难	2006	1414	1194
进退两难	2005	1571	1357
进退两难	2004	1334	1187
进退两难	2003	1196	1012
进退两难	2002	1416	1205
进退两难	2001	1269	1092
进退维谷	2008	104	102
进退维谷	2007	120	116
进退维谷	2006	157	153
进退维谷	2005	176	170
进退维谷	2004	176	168
进退维谷	2003	126	120
进退维谷	2002	148	144
进退维谷	2001	174	168
惊	2008	13754	4615
惊	2007	14692	5158
惊	2006	18386	7515
惊	2005	21708	8723
惊	2004	18750	7259
惊	2003	16662	6507
惊	2002	20938	8095
惊	2001	21144	7345
惊诧	2008	64	64
惊诧	2007	72	70
惊诧	2006	108	108
惊诧	2005	83	83
惊诧	2004	89	86
惊诧	2003	91	87
惊诧	2002	99	98
惊诧	2001	123	121
惊骇	2008	26	26
惊骇	2007	44	40
惊骇	2006	73	67
惊骇	2005	63	63
惊骇	2004	50	50
惊骇	2003	48	47
惊骇	2002	58	56
惊骇	2001	67	66
惊慌	2008	3445	2129
惊慌	2007	3882	2359
惊慌	2006	5318	3430
惊慌	2005	6293	4143
惊慌	2004	5308	3389
惊慌	2003	4824	3017
惊慌	2002	5854	3640
惊慌	2001	5802	3614
惊惶	2008	672	573
惊惶	2007	725	592
惊惶	2006	1023	847
惊惶	2005	1223	1065
惊惶	2004	1022	826
惊惶	2003	962	808
惊惶	2002	1189	980
惊惶	2001	942	786
惊恐	2008	2507	1511
惊恐	2007	2486	1568
惊恐	2006	3370	2172
惊恐	2005	3915	2637
惊恐	2004	3268	2155
惊恐	2003	2635	1824
惊恐	2002	3452	2329
惊恐	2001	3357	2169
惊奇	2008	8892	4226
惊奇	2007	9320	4483
惊奇	2006	13578	6772
惊奇	2005	16290	7821
惊奇	2004	14288	6653
惊奇	2003	12478	5986
惊奇	2002	14100	6628
惊奇	2001	13122	5948
惊叹	2008	5395	3027
惊叹	2007	5196	3048
惊叹	2006	6599	4316
惊叹	2005	7058	4708
惊叹	2004	6256	3908
惊叹	2003	5653	3629
惊叹	2002	6226	3925
惊叹	2001	5782	3597
惊讶	2008	18498	5420
惊讶	2007	19996	5986
惊讶	2006	25858	8619
惊讶	2005	31146	10178
惊讶	2004	24362	8092
惊讶	2003	22842	7484
惊讶	2002	25706	8649
惊讶	2001	24224	7382
惊疑	2008	31	31
惊疑	2007	37	37
惊疑	2006	70	68
惊疑	2005	66	66
惊疑	2004	49	49
惊疑	2003	42	42
惊疑	2002	102	98
惊疑	2001	80	74
惊异	2008	4640	2600
惊异	2007	4682	2700
惊异	2006	7006	4028
惊异	2005	8076	4550
惊异	2004	8004	4083
惊异	2003	6664	3723
惊异	2002	8524	4475
惊异	2001	7240	3985
惊悚	2008	48	44
惊悚	2007	29	26
惊悚	2006	22	22
惊悚	2005	18	17
惊悚	2004	14	14
惊悚	2003	8	8
惊悚	2002	8	8
惊悚	2001	2	2
惊愕	2008	1046	804
惊愕	2007	1148	876
惊愕	2006	1251	998
惊愕	2005	1552	1210
惊愕	2004	1192	950
惊愕	2003	1169	894
惊愕	2002	1682	1265
惊愕	2001	1514	1157
窘	2008	90	90
窘	2007	125	125
窘	2006	104	99
窘	2005	123	123
窘	2004	114	112
窘	2003	114	111
窘	2002	151	145
窘	2001	121	112
窘迫	2008	513	466
窘迫	2007	513	486
窘迫	2006	763	694
窘迫	2005	812	739
窘迫	2004	725	669
窘迫	2003	640	599
窘迫	2002	656	596
窘迫	2001	612	564
揪心	2008	210	197
揪心	2007	157	149
揪心	2006	221	213
揪心	2005	181	173
揪心	2004	232	209
揪心	2003	164	154
揪心	2002	204	199
揪心	2001	211	203
拘束	2008	4695	2158
拘束	2007	4523	2237
拘束	2006	9308	3790
拘束	2005	8948	3886
拘束	2004	8474	3301
拘束	2003	6908	3082
拘束	2002	7451	3448
拘束	2001	5772	3002
举棋不定	2008	480	432
举棋不定	2007	574	493
举棋不定	2006	818	725
举棋不定	2005	1048	939
举棋不定	2004	812	703
举棋不定	2003	855	727
举棋不定	2002	935	782
举棋不定	2001	1020	843
沮	2008	85	79
沮	2007	82	80
沮	2006	111	100
沮	2005	112	110
沮	2004	105	97
沮	2003	135	125
沮	2002	93	90
沮	2001	94	86
沮丧	2008	5392	2490
沮丧	2007	5828	2750
沮丧	2006	7357	3807
沮丧	2005	9110	4633
沮丧	2004	8521	3894
沮丧	2003	8030	3406
沮丧	2002	8036	3861
沮丧	2001	7138	3436
惧	2008	3614	2445
惧	2007	3394	2388
惧	2006	4430	3213
惧	2005	4992	3633
惧	2004	4727	3188
惧	2003	4330	2965
惧	2002	4716	3364
惧	2001	4587	3179
惧怕	2008	1632	1256
惧怕	2007	1920	1462
惧怕	2006	2707	2067
惧怕	2005	3029	2334
惧怕	2004	2513	1943
惧怕	2003	2439	1807
惧怕	2002	2796	2124
惧怕	2001	2674	1939
眷顾	2008	658	543
眷顾	2007	670	579
眷顾	2006	737	638
眷顾	2005	784	697
眷顾	2004	620	533
眷顾	2003	463	415
眷顾	2002	476	438
眷顾	2001	302	280
绝望	2008	11480	4000
绝望	2007	12324	4191
绝望	2006	16078	5925
绝望	2005	17912	7100
绝望	2004	15078	5519
绝望	2003	13778	5044
绝望	2002	16146	5960
绝望	2001	15194	5166
开炮	2008	348	227
开炮	2007	582	333
开炮	2006	682	427
开炮	2005	736	508
开炮	2004	458	344
开炮	2003	384	281
开炮	2002	700	454
开炮	2001	497	358
看不起	2008	4571	2397
看不起	2007	5185	2627
看不起	2006	6726	3711
看不起	2005	7490	4149
看不起	2004	6468	3356
看不起	2003	5841	3076
看不起	2002	7061	3735
看不起	2001	6578	3489
看淡	2008	73	67
看淡	2007	83	76
看淡	2006	88	78
看淡	2005	105	93
看淡	2004	79	64
看淡	2003	114	103
看淡	2002	124	110
看淡	2001	119	101
看轻	2008	153	151
看轻	2007	136	126
看轻	2006	234	212
看轻	2005	254	238
看轻	2004	264	243
看轻	2003	252	218
看轻	2002	275	227
看轻	2001	210	185
抗议	2008	22252	5648
抗议	2007	23858	6128
抗议	2006	36600	9238
抗议	2005	38634	10621
抗议	2004	32106	8795
抗议	2003	30522	8320
抗议	2002	37162	9013
抗议	2001	35932	8367
苛责	2008	80	80
苛责	2007	82	82
苛责	2006	93	93
苛责	2005	62	60
苛责	2004	74	68
苛责	2003	52	52
苛责	2002	74	70
苛责	2001	62	60
可怜	2008	18390	5195
可怜	2007	18782	5597
可怜	2006	26568	8509
可怜	2005	31870	9933
可怜	2004	26030	7826
可怜	2003	23288	7241
可怜	2002	31826	8707
可怜	2001	27126	7793
可惜	2008	22470	7549
可惜	2007	21810	7880
可惜	2006	32162	11932
可惜	2005	35648	13124
可惜	2004	29732	11003
可惜	2003	26574	9895
可惜	2002	33168	11422
可惜	2001	29024	10118
恐	2008	4964	2920
恐	2007	5569	3187
恐	2006	6812	4211
恐	2005	7207	4582
恐	2004	7242	4297
恐	2003	7352	3932
恐	2002	8296	4451
恐	2001	5294	3648
恐慌	2008	10330	3797
恐慌	2007	9150	4035
恐慌	2006	12556	5724
恐慌	2005	14316	6669
恐慌	2004	12546	5672
恐慌	2003	14372	5266
恐慌	2002	11434	5354
恐慌	2001	9668	4892
恐惧	2008	31068	6623
恐惧	2007	30764	6986
恐惧	2006	42012	10473
恐惧	2005	43710	11702
恐惧	2004	40786	9908
恐惧	2003	41052	9074
恐惧	2002	37906	9924
恐惧	2001	35562	8729
口诛笔伐	2008	81	79
口诛笔伐	2007	122	116
口诛笔伐	2006	145	139
口诛笔伐	2005	148	144
口诛笔伐	2004	120	117
口诛笔伐	2003	110	107
口诛笔伐	2002	114	110
口诛笔伐	2001	118	118
哭丧着脸	2008	8	8
哭丧着脸	2007	8	8
哭丧着脸	2006	17	15
哭丧着脸	2005	22	22
哭丧着脸	2004	19	19
哭丧着脸	2003	10	10
哭丧着脸	2002	8	8
哭丧着脸	2001	18	16
哭笑不得	2008	134	128
哭笑不得	2007	133	125
哭笑不得	2006	171	161
哭笑不得	2005	160	158
哭笑不得	2004	156	138
哭笑不得	2003	140	132
哭笑不得	2002	175	165
哭笑不得	2001	146	142
苦闷	2008	4472	2356
苦闷	2007	4270	2244
苦闷	2006	6766	3411
苦闷	2005	7990	4175
苦闷	2004	6150	3135
苦闷	2003	5874	2751
苦闷	2002	7212	3591
苦闷	2001	6542	3171
苦恼	2008	5468	2995
苦恼	2007	5842	3270
苦恼	2006	8522	4719
苦恼	2005	9932	5526
苦恼	2004	8757	4639
苦恼	2003	8018	4286
苦恼	2002	9380	4890
苦恼	2001	8296	4587
苦涩	2008	1866	1360
苦涩	2007	1960	1403
苦涩	2006	2368	1780
苦涩	2005	2702	2081
苦涩	2004	2154	1638
苦涩	2003	2166	1579
苦涩	2002	2680	1929
苦涩	2001	2612	1883
宽恕	2008	2952	1592
宽恕	2007	3618	1690
宽恕	2006	4952	2418
宽恕	2005	4196	2625
宽恕	2004	3810	2298
宽恕	2003	6166	2113
宽恕	2002	4819	2333
宽恕	2001	4216	2180
狂怒	2008	97	88
狂怒	2007	98	93
狂怒	2006	154	138
狂怒	2005	182	155
狂怒	2004	158	139
狂怒	2003	146	132
狂怒	2002	205	190
狂怒	2001	212	179
亏心	2008	38	34
亏心	2007	32	32
亏心	2006	58	58
亏心	2005	50	50
亏心	2004	40	39
亏心	2003	16	14
亏心	2002	12	12
亏心	2001	34	34
愧	2008	925	789
愧	2007	1051	903
愧	2006	1300	1144
愧	2005	1678	1447
愧	2004	1311	1157
愧	2003	1280	1085
愧	2002	1402	1205
愧	2001	1566	1360
愧悔	2008	14	14
愧悔	2007	19	19
愧悔	2006	16	16
愧悔	2005	12	12
愧悔	2004	30	28
愧悔	2003	18	18
愧悔	2002	10	10
愧悔	2001	16	16
愧疚	2008	416	364
愧疚	2007	445	400
愧疚	2006	541	482
愧疚	2005	590	527
愧疚	2004	490	437
愧疚	2003	446	392
愧疚	2002	515	459
愧疚	2001	412	373
困窘	2008	1361	1083
困窘	2007	1324	1026
困窘	2006	1801	1403
困窘	2005	1942	1526
困窘	2004	1579	1292
困窘	2003	1414	1118
困窘	2002	1784	1342
困窘	2001	1468	1194
赖	2008	19792	5618
赖	2007	18416	6314
赖	2006	27076	9458
赖	2005	30040	10751
赖	2004	23254	9046
赖	2003	22112	8384
赖	2002	21276	8815
赖	2001	22696	8215
懒得	2008	1782	975
懒得	2007	1632	940
懒得	2006	1946	1258
懒得	2005	2654	1675
懒得	2004	2114	1312
懒得	2003	1844	1163
懒得	2002	2117	1468
懒得	2001	2158	1369
劳神	2008	42	41
劳神	2007	30	28
劳神	2006	70	70
劳神	2005	58	58
劳神	2004	38	38
劳神	2003	38	36
劳神	2002	48	46
劳神	2001	60	60
老羞成怒	2008	6	6
老羞成怒	2007	2	2
老羞成怒	2006	2	2
老羞成怒	2005	6	6
老羞成怒	2004	8	8
老羞成怒	2003	2	2
老羞成怒	2001	6	6
冷嘲热讽	2008	14	14
冷嘲热讽	2007	7	7
冷嘲热讽	2006	12	12
冷嘲热讽	2005	22	22
冷嘲热讽	2004	12	12
冷嘲热讽	2003	16	16
冷嘲热讽	2002	16	16
冷嘲热讽	2001	25	23
冷淡	2008	2582	1830
冷淡	2007	2828	1883
冷淡	2006	3918	2752
冷淡	2005	4926	3441
冷淡	2004	4068	2806
冷淡	2003	3718	2565
冷淡	2002	4800	3213
冷淡	2001	4278	2913
怜	2008	986	741
怜	2007	1152	774
怜	2006	1466	1047
怜	2005	1871	1242
怜	2004	1355	971
怜	2003	1440	989
怜	2002	1725	1228
怜	2001	1547	1145
怜悯	2008	3248	1787
怜悯	2007	3512	1891
怜悯	2006	4410	2530
怜悯	2005	4680	2855
怜悯	2004	4692	2394
怜悯	2003	3912	2155
怜悯	2002	4666	2633
怜悯	2001	4280	2410
怜惜	2008	97	96
怜惜	2007	122	112
怜惜	2006	160	152
怜惜	2005	165	146
怜惜	2004	126	124
怜惜	2003	110	105
怜惜	2002	113	107
怜惜	2001	136	132
怜恤	2008	12	9
怜恤	2007	18	9
怜恤	2006	29	18
怜恤	2005	12	12
怜恤	2004	2	2
怜恤	2003	6	6
怜恤	2002	14	12
怜恤	2001	12	12
凉	2008	1468	1159
凉	2007	1442	1136
凉	2006	1958	1573
凉	2005	2262	1816
凉	2004	1954	1557
凉	2003	1930	1395
凉	2002	2027	1594
凉	2001	2028	1596
两难	2008	4792	2427
两难	2007	5222	2708
两难	2006	6926	3814
两难	2005	7950	4257
两难	2004	7344	3695
两难	2003	6857	3408
两难	2002	6376	3385
两难	2001	5964	3113
谅	2008	584	483
谅	2007	698	615
谅	2006	992	852
谅	2005	1032	908
谅	2004	925	753
谅	2003	895	761
谅	2002	1026	921
谅	2001	1086	908
谅解	2008	9372	3657
谅解	2007	12184	4319
谅解	2006	17182	6224
谅解	2005	18632	7175
谅解	2004	15064	5962
谅解	2003	15048	5346
谅解	2002	15150	5780
谅解	2001	18228	5667
虑	2008	23594	8870
虑	2007	25092	9727
虑	2006	33218	14787
虑	2005	37846	16899
虑	2004	33210	14266
虑	2003	31178	13294
虑	2002	32514	13856
虑	2001	31197	13420
乱	2008	22978	8882
乱	2007	26548	9516
乱	2006	37360	14807
乱	2005	42636	16885
乱	2004	37398	14082
乱	2003	37052	13401
乱	2002	39804	14188
乱	2001	42286	13700
骂	2008	2516	1656
骂	2007	2726	1822
骂	2006	3820	2653
骂	2005	4474	3087
骂	2004	3788	2563
骂	2003	3584	2387
骂	2002	4424	2986
骂	2001	4042	2704
骂街	2008	16	13
骂街	2007	22	20
骂街	2006	18	16
骂街	2005	16	16
骂街	2004	16	16
骂街	2003	29	27
骂街	2002	18	18
骂街	2001	14	14
骂娘	2008	15	15
骂娘	2007	43	43
骂娘	2006	16	16
骂娘	2005	28	28
骂娘	2004	21	19
骂娘	2003	28	28
骂娘	2002	28	28
骂娘	2001	35	35
骂人	2008	343	286
骂人	2007	319	275
骂人	2006	460	381
骂人	2005	585	518
骂人	2004	440	373
骂人	2003	430	353
骂人	2002	500	449
骂人	2001	446	379
埋没	2008	176	176
埋没	2007	232	210
埋没	2006	256	254
埋没	2005	321	297
埋没	2004	256	250
埋没	2003	294	279
埋没	2002	309	295
埋没	2001	321	305
埋怨	2008	3309	1868
埋怨	2007	3500	2071
埋怨	2006	4490	2915
埋怨	2005	5500	3504
埋怨	2004	4476	2688
埋怨	2003	4125	2460
埋怨	2002	5139	3117
埋怨	2001	5230	2982
满不在乎	2008	263	241
满不在乎	2007	299	270
满不在乎	2006	373	345
满不在乎	2005	542	490
满不在乎	2004	461	425
满不在乎	2003	454	386
满不在乎	2002	558	481
满不在乎	2001	450	409
漫骂	2008	24	24
漫骂	2007	22	22
漫骂	2006	20	20
漫骂	2005	32	32
漫骂	2004	34	34
漫骂	2003	26	26
漫骂	2002	30	30
漫骂	2001	20	20
谩骂	2008	721	606
谩骂	2007	820	670
谩骂	2006	953	813
谩骂	2005	916	816
谩骂	2004	784	703
谩骂	2003	767	673
谩骂	2002	902	811
谩骂	2001	829	681
毛骨悚然	2008	1701	1035
毛骨悚然	2007	1804	1147
毛骨悚然	2006	2624	1695
毛骨悚然	2005	2968	1991
毛骨悚然	2004	2327	1494
毛骨悚然	2003	1934	1329
毛骨悚然	2002	2720	1796
毛骨悚然	2001	2467	1554
冒火	2008	8	8
冒火	2007	10	10
冒火	2006	34	32
冒火	2005	40	36
冒火	2004	34	34
冒火	2003	26	26
冒火	2002	37	37
冒火	2001	39	39
没精打采	2008	83	79
没精打采	2007	118	112
没精打采	2006	163	147
没精打采	2005	254	244
没精打采	2004	215	194
没精打采	2003	157	136
没精打采	2002	225	207
没精打采	2001	225	207
没意思	2008	1314	767
没意思	2007	1380	799
没意思	2006	1670	1033
没意思	2005	1752	1121
没意思	2004	1827	984
没意思	2003	1614	947
没意思	2002	1849	1163
没意思	2001	2091	1176
闷	2008	2611	1591
闷	2007	2920	1663
闷	2006	3538	2182
闷	2005	4382	2702
闷	2004	3950	2123
闷	2003	3102	1856
闷	2002	4052	2437
闷	2001	3792	2297
闷闷不乐	2008	304	270
闷闷不乐	2007	262	235
闷闷不乐	2006	384	351
闷闷不乐	2005	482	436
闷闷不乐	2004	413	379
闷闷不乐	2003	287	255
闷闷不乐	2002	426	383
闷闷不乐	2001	405	368
面面相觑	2008	52	52
面面相觑	2007	72	62
面面相觑	2006	51	47
面面相觑	2005	38	38
面面相觑	2004	46	46
面面相觑	2003	60	56
面面相觑	2002	95	95
面面相觑	2001	76	74
面如土色	2008	24	24
面如土色	2007	38	37
面如土色	2006	34	31
面如土色	2005	32	32
面如土色	2004	18	18
面如土色	2003	34	34
面如土色	2002	40	40
面如土色	2001	32	28
面无人色	2008	49	47
面无人色	2007	68	61
面无人色	2006	90	86
面无人色	2005	106	98
面无人色	2004	111	103
面无人色	2003	72	70
面无人色	2002	127	123
面无人色	2001	117	110
藐视	2008	1364	956
藐视	2007	1320	1039
藐视	2006	2196	1586
藐视	2005	2573	1729
藐视	2004	1949	1466
藐视	2003	2054	1446
藐视	2002	2324	1601
藐视	2001	1869	1418
蔑	2008	304	260
蔑	2007	287	265
蔑	2006	522	440
蔑	2005	575	519
蔑	2004	423	386
蔑	2003	460	406
蔑	2002	582	529
蔑	2001	547	500
蔑视	2008	2887	1927
蔑视	2007	3152	2183
蔑视	2006	4542	3129
蔑视	2005	5036	3469
蔑视	2004	4261	2904
蔑视	2003	3844	2620
蔑视	2002	4255	2979
蔑视	2001	4041	2674
悯	2008	408	370
悯	2007	461	396
悯	2006	629	540
悯	2005	636	551
悯	2004	660	537
悯	2003	578	512
悯	2002	633	570
悯	2001	559	498
抹不开	2008	6	6
抹不开	2007	2	2
抹不开	2006	8	8
抹不开	2005	4	2
抹不开	2004	8	8
抹不开	2003	8	6
抹不开	2002	2	2
抹不开	2001	6	6
漠视	2008	4924	2388
漠视	2007	5328	2682
漠视	2006	6612	3624
漠视	2005	6748	3818
漠视	2004	5948	3290
漠视	2003	4964	2746
漠视	2002	5134	2992
漠视	2001	4346	2642
木然	2008	92	88
木然	2007	84	81
木然	2006	129	122
木然	2005	130	126
木然	2004	111	106
木然	2003	66	64
木然	2002	140	132
木然	2001	140	132
目瞪口呆	2008	2182	1297
目瞪口呆	2007	2444	1432
目瞪口呆	2006	3086	2012
目瞪口呆	2005	3768	2443
目瞪口呆	2004	3025	1887
目瞪口呆	2003	2637	1737
目瞪口呆	2002	3369	2103
目瞪口呆	2001	3598	2088
纳罕	2008	1	1
纳罕	2007	1	1
纳罕	2005	9	9
纳罕	2004	6	6
纳罕	2003	2	2
纳罕	2002	6	6
纳罕	2001	5	5
难	2008	259366	20732
难	2007	270234	22953
难	2006	353578	36311
难	2005	409024	41618
难	2004	350308	34318
难	2003	322640	30526
难	2002	342136	32362
难	2001	317828	29787
难过	2008	4496	2030
难过	2007	4566	1979
难过	2006	5456	2694
难过	2005	7012	3520
难过	2004	5738	2896
难过	2003	5240	2556
难过	2002	6338	3110
难过	2001	5800	2838
难堪	2008	4028	2404
难堪	2007	4371	2545
难堪	2006	6092	3851
难堪	2005	7222	4556
难堪	2004	6486	3856
难堪	2003	5672	3319
难堪	2002	7628	4387
难堪	2001	6654	3800
难受	2008	4468	1968
难受	2007	4498	2011
难受	2006	5482	2746
难受	2005	6954	3551
难受	2004	5628	2694
难受	2003	5026	2468
难受	2002	5882	3000
难受	2001	5506	2690
难为情	2008	168	159
难为情	2007	138	131
难为情	2006	178	166
难为情	2005	274	253
难为情	2004	197	197
难为情	2003	214	184
难为情	2002	235	214
难为情	2001	182	169
恼	2008	2095	1524
恼	2007	2483	1606
恼	2006	3132	2270
恼	2005	3186	2396
恼	2004	3082	2221
恼	2003	2927	2110
恼	2002	3541	2504
恼	2001	3077	2297
恼恨	2008	29	29
恼恨	2007	8	8
恼恨	2006	38	38
恼恨	2005	28	28
恼恨	2004	20	19
恼恨	2003	34	30
恼恨	2002	48	47
恼恨	2001	24	24
恼火	2008	2194	1365
恼火	2007	2498	1542
恼火	2006	3078	2057
恼火	2005	3843	2541
恼火	2004	3370	2120
恼火	2003	2757	1800
恼火	2002	3643	2264
恼火	2001	3464	2106
恼怒	2008	1718	1192
恼怒	2007	1948	1347
恼怒	2006	2584	1853
恼怒	2005	3046	2215
恼怒	2004	2492	1782
恼怒	2003	2366	1682
恼怒	2002	3130	2156
恼怒	2001	2688	1953
恼羞成怒	2008	54	52
恼羞成怒	2007	88	86
恼羞成怒	2006	143	139
恼羞成怒	2005	141	133
恼羞成怒	2004	118	118
恼羞成怒	2003	94	88
恼羞成怒	2002	134	130
恼羞成怒	2001	98	98
馁	2008	151	140
馁	2007	172	159
馁	2006	222	207
馁	2005	284	275
馁	2004	188	182
馁	2003	209	195
馁	2002	212	208
馁	2001	246	234
内疚	2008	276	252
内疚	2007	356	321
内疚	2006	582	468
内疚	2005	654	563
内疚	2004	487	430
内疚	2003	665	467
内疚	2002	438	390
内疚	2001	539	438
腻	2008	289	259
腻	2007	290	255
腻	2006	422	391
腻	2005	377	353
腻	2004	366	341
腻	2003	376	343
腻	2002	361	336
腻	2001	328	301
腻烦	2008	16	14
腻烦	2007	30	29
腻烦	2006	36	33
腻烦	2005	64	62
腻烦	2004	44	41
腻烦	2003	24	24
腻烦	2002	34	34
腻烦	2001	10	10
腻味	2008	10	10
腻味	2007	28	28
腻味	2006	28	26
腻味	2005	28	27
腻味	2004	28	26
腻味	2003	30	30
腻味	2002	24	23
腻味	2001	24	20
怒	2008	7147	4244
怒	2007	8006	4647
怒	2006	10226	6551
怒	2005	11442	7082
怒	2004	9768	6120
怒	2003	9065	5682
怒	2002	11303	6598
怒	2001	9916	5894
怒不可遏	2008	286	262
怒不可遏	2007	277	261
怒不可遏	2006	418	380
怒不可遏	2005	634	568
怒不可遏	2004	480	421
怒不可遏	2003	424	366
怒不可遏	2002	469	429
怒不可遏	2001	474	418
怒斥	2008	87	87
怒斥	2007	110	102
怒斥	2006	119	118
怒斥	2005	204	200
怒斥	2004	118	117
怒斥	2003	98	96
怒斥	2002	98	95
怒斥	2001	103	99
怒发冲冠	2008	18	18
怒发冲冠	2007	14	12
怒发冲冠	2006	20	20
怒发冲冠	2005	14	12
怒发冲冠	2004	20	20
怒发冲冠	2003	14	14
怒发冲冠	2002	13	13
怒发冲冠	2001	21	21
怒目	2008	16	16
怒目	2007	8	6
怒目	2006	32	32
怒目	2005	18	17
怒目	2004	28	26
怒目	2003	36	36
怒目	2002	30	30
怒目	2001	44	40
怕	2008	42486	7029
怕	2007	44830	7535
怕	2006	60634	11783
怕	2005	73462	13755
怕	2004	62740	11450
怕	2003	58150	10262
怕	2002	69434	11655
怕	2001	66894	10432
怕羞	2008	2	2
怕羞	2007	10	10
怕羞	2006	11	9
怕羞	2005	10	10
怕羞	2004	2	2
怕羞	2003	17	15
怕羞	2002	6	6
怕羞	2001	6	6
徘徊	2008	8122	3594
徘徊	2007	7900	3890
徘徊	2006	11222	5744
徘徊	2005	13738	6604
徘徊	2004	11934	5674
徘徊	2003	11066	5186
徘徊	2002	12608	5950
徘徊	2001	12636	5572
旁敲侧击	2008	18	18
旁敲侧击	2007	16	16
旁敲侧击	2006	45	45
旁敲侧击	2005	41	37
旁敲侧击	2004	43	43
旁敲侧击	2003	36	32
旁敲侧击	2002	22	22
旁敲侧击	2001	6	6
抨	2008	90	79
抨	2007	92	86
抨	2006	178	134
抨	2005	190	168
抨	2004	136	113
抨	2003	147	122
抨	2002	160	133
抨	2001	93	87
抨击	2008	6628	3532
抨击	2007	7070	3698
抨击	2006	10904	5574
抨击	2005	12182	6289
抨击	2004	10186	5347
抨击	2003	9884	4867
抨击	2002	10828	5253
抨击	2001	10290	4889
批	2008	195278	13782
批	2007	213930	15325
批	2006	286528	24337
批	2005	318938	27916
批	2004	274264	22729
批	2003	269818	20210
批	2002	289072	21695
批	2001	299126	20285
偏废	2008	366	324
偏废	2007	371	349
偏废	2006	502	452
偏废	2005	523	497
偏废	2004	468	411
偏废	2003	507	462
偏废	2002	558	504
偏废	2001	611	541
品头论足	2008	52	52
品头论足	2007	65	65
品头论足	2006	103	101
品头论足	2005	109	109
品头论足	2004	79	77
品头论足	2003	57	55
品头论足	2002	95	92
品头论足	2001	70	70
评头论足	2008	66	61
评头论足	2007	62	62
评头论足	2006	116	114
评头论足	2005	137	127
评头论足	2004	106	102
评头论足	2003	106	103
评头论足	2002	104	103
评头论足	2001	94	92
破口大骂	2008	297	260
破口大骂	2007	288	253
破口大骂	2006	398	368
破口大骂	2005	566	514
破口大骂	2004	421	375
破口大骂	2003	300	283
破口大骂	2002	473	427
破口大骂	2001	434	378
迫不及待	2008	2671	1664
迫不及待	2007	2824	1798
迫不及待	2006	3754	2526
迫不及待	2005	4426	3059
迫不及待	2004	3665	2432
迫不及待	2003	3163	2174
迫不及待	2002	3980	2669
迫不及待	2001	3623	2321
凄切	2008	11	11
凄切	2007	4	4
凄切	2006	11	11
凄切	2005	3	3
凄切	2004	4	4
凄切	2003	10	10
凄切	2002	13	13
凄切	2001	7	7
凄然	2008	8	8
凄然	2007	16	16
凄然	2006	20	20
凄然	2005	26	26
凄然	2004	14	14
凄然	2003	12	12
凄然	2002	34	34
凄然	2001	27	25
凄婉	2008	17	17
凄婉	2007	12	12
凄婉	2006	21	20
凄婉	2005	60	58
凄婉	2004	28	28
凄婉	2003	36	34
凄婉	2002	44	44
凄婉	2001	28	28
歧视	2008	47674	7814
歧视	2007	68682	8870
歧视	2006	73022	13114
歧视	2005	81804	14889
歧视	2004	69246	12538
歧视	2003	65418	11514
歧视	2002	67760	12575
歧视	2001	61308	11659
骑虎难下	2008	57	56
骑虎难下	2007	66	62
骑虎难下	2006	128	122
骑虎难下	2005	112	108
骑虎难下	2004	124	114
骑虎难下	2003	88	88
骑虎难下	2002	80	80
骑虎难下	2001	122	118
气	2008	77878	10673
气	2007	78618	11592
气	2006	97712	17704
气	2005	108768	20424
气	2004	92214	17264
气	2003	95204	16441
气	2002	96664	17323
气	2001	94184	15963
气冲冲	2008	4	4
气冲冲	2007	4	4
气冲冲	2006	16	16
气冲冲	2005	39	28
气冲冲	2004	18	12
气冲冲	2003	32	22
气冲冲	2002	28	21
气冲冲	2001	4	2
气短	2008	144	124
气短	2007	154	147
气短	2006	238	208
气短	2005	224	203
气短	2004	227	204
气短	2003	193	173
气短	2002	233	207
气短	2001	238	211
气愤	2008	2170	1355
气愤	2007	2408	1610
气愤	2006	3400	2295
气愤	2005	4294	2860
气愤	2004	3606	2308
气愤	2003	3202	2047
气愤	2002	4010	2449
气愤	2001	3834	2425
气呼呼	2008	30	30
气呼呼	2007	28	26
气呼呼	2006	19	19
气呼呼	2005	32	32
气呼呼	2004	29	29
气呼呼	2003	16	16
气呼呼	2002	11	11
气呼呼	2001	10	10
气急败坏	2008	256	232
气急败坏	2007	276	235
气急败坏	2006	298	276
气急败坏	2005	495	449
气急败坏	2004	334	302
气急败坏	2003	296	261
气急败坏	2002	396	339
气急败坏	2001	382	336
气恼	2008	311	284
气恼	2007	414	355
气恼	2006	570	500
气恼	2005	627	550
气恼	2004	514	458
气恼	2003	478	428
气恼	2002	756	629
气恼	2001	671	565
气馁	2008	1634	1241
气馁	2007	1884	1399
气馁	2006	2196	1745
气馁	2005	3022	2319
气馁	2004	2396	1774
气馁	2003	2323	1729
气馁	2002	2848	2014
气馁	2001	2609	1974
气头上	2008	130	119
气头上	2007	172	158
气头上	2006	166	158
气头上	2005	227	219
气头上	2004	158	146
气头上	2003	160	145
气头上	2002	198	174
气头上	2001	180	166
牵念	2008	3	3
牵念	2007	12	8
牵念	2006	14	12
牵念	2005	9	9
牵念	2004	15	15
牵念	2003	12	12
牵念	2002	9	9
牵念	2001	14	14
迁怒	2008	356	265
迁怒	2007	288	253
迁怒	2006	386	316
迁怒	2005	502	407
迁怒	2004	322	274
迁怒	2003	418	311
迁怒	2002	424	357
迁怒	2001	298	258
谴	2008	203	167
谴	2007	234	209
谴	2006	444	265
谴	2005	369	344
谴	2004	360	309
谴	2003	370	296
谴	2002	399	306
谴	2001	350	278
谴责	2008	11758	4655
谴责	2007	12930	5141
谴责	2006	19566	7593
谴责	2005	20692	8342
谴责	2004	18094	7290
谴责	2003	18402	6543
谴责	2002	18358	7021
谴责	2001	18112	6574
歉然	2008	4	4
歉然	2006	16	16
歉然	2005	22	22
歉然	2004	22	22
歉然	2003	6	6
歉然	2002	18	18
歉然	2001	10	10
瞧不起	2008	198	180
瞧不起	2007	194	172
瞧不起	2006	267	259
瞧不起	2005	282	264
瞧不起	2004	250	230
瞧不起	2003	253	242
瞧不起	2002	348	319
瞧不起	2001	256	245
切齿	2008	6	6
切齿	2007	7	7
切齿	2006	10	10
切齿	2005	24	22
切齿	2004	10	10
切齿	2003	16	16
切齿	2002	27	25
切齿	2001	16	16
怯	2008	300	271
怯	2007	368	337
怯	2006	434	404
怯	2005	482	471
怯	2004	420	378
怯	2003	444	409
怯	2002	537	496
怯	2001	546	492
轻	2008	76936	13495
轻	2007	87350	15516
轻	2006	125870	23641
轻	2005	130138	27590
轻	2004	106422	22663
轻	2003	99410	20282
轻	2002	117940	22525
轻	2001	119212	21551
轻忽	2008	142	126
轻忽	2007	125	114
轻忽	2006	208	177
轻忽	2005	258	208
轻忽	2004	194	173
轻忽	2003	192	169
轻忽	2002	216	195
轻忽	2001	128	109
轻蔑	2008	714	636
轻蔑	2007	964	743
轻蔑	2006	1202	982
轻蔑	2005	1336	1123
轻蔑	2004	1054	896
轻蔑	2003	1058	892
轻蔑	2002	1296	1060
轻蔑	2001	1160	961
轻视	2008	2342	1786
轻视	2007	2632	2009
轻视	2006	3862	2970
轻视	2005	4566	3479
轻视	2004	3864	2869
轻视	2003	3796	2873
轻视	2002	3836	2989
轻视	2001	3986	2963
清算	2008	10498	2351
清算	2007	14510	3004
清算	2006	49778	4673
清算	2005	41086	5593
清算	2004	24631	4186
清算	2003	17951	3880
清算	2002	20123	3913
清算	2001	18261	4009
穷极无聊	2008	14	13
穷极无聊	2007	22	22
穷极无聊	2006	28	26
穷极无聊	2005	28	26
穷极无聊	2004	12	12
穷极无聊	2003	32	30
穷极无聊	2002	22	20
穷极无聊	2001	22	22
饶	2008	348	294
饶	2007	331	299
饶	2006	573	474
饶	2005	521	411
饶	2004	473	434
饶	2003	445	353
饶	2002	431	391
饶	2001	646	531
饶恕	2008	1196	901
饶恕	2007	1413	1044
饶恕	2006	2015	1450
饶恕	2005	2572	1793
饶恕	2004	2029	1495
饶恕	2003	1816	1339
饶恕	2002	2452	1740
饶恕	2001	2139	1549
忍让	2008	102	95
忍让	2007	110	107
忍让	2006	192	180
忍让	2005	242	202
忍让	2004	155	150
忍让	2003	154	139
忍让	2002	110	106
忍让	2001	136	125
辱骂	2008	1497	1050
辱骂	2007	1284	980
辱骂	2006	1946	1524
辱骂	2005	2493	1866
辱骂	2004	2066	1507
辱骂	2003	1728	1329
辱骂	2002	2184	1647
辱骂	2001	1920	1462
撒气	2008	16	16
撒气	2007	6	6
撒气	2006	6	6
撒气	2005	8	8
撒气	2004	8	8
撒气	2003	9	9
撒气	2001	4	4
三心二意	2008	96	84
三心二意	2007	104	104
三心二意	2006	166	161
三心二意	2005	230	204
三心二意	2004	156	150
三心二意	2003	158	144
三心二意	2002	239	229
三心二意	2001	157	143
丧胆	2008	8	8
丧胆	2007	4	4
丧胆	2005	8	8
丧胆	2004	7	7
丧胆	2001	8	8
丧魂落魄	2008	4	4
丧魂落魄	2007	5	5
丧魂落魄	2006	12	12
丧魂落魄	2005	8	8
丧魂落魄	2004	16	16
丧魂落魄	2003	12	12
丧魂落魄	2002	12	12
丧魂落魄	2001	24	24
丧气	2008	643	563
丧气	2007	646	573
丧气	2006	728	633
丧气	2005	1060	940
丧气	2004	952	809
丧气	2003	844	739
丧气	2002	1226	993
丧气	2001	944	834
扫兴	2008	428	381
扫兴	2007	554	470
扫兴	2006	680	598
扫兴	2005	885	750
扫兴	2004	801	710
扫兴	2003	694	585
扫兴	2002	962	844
扫兴	2001	843	710
杀气	2008	64	58
杀气	2007	84	75
杀气	2006	122	105
杀气	2005	126	97
杀气	2004	124	110
杀气	2003	68	54
杀气	2002	58	54
杀气	2001	56	52
傻眼	2008	8	8
傻眼	2007	9	9
傻眼	2006	10	10
傻眼	2005	16	16
傻眼	2004	3	3
傻眼	2003	12	12
傻眼	2002	11	11
傻眼	2001	6	6
伤	2008	37814	8486
伤	2007	41486	9807
伤	2006	71266	14700
伤	2005	76126	16737
伤	2004	50796	13702
伤	2003	45246	12024
伤	2002	50472	13444
伤	2001	52110	12676
伤神	2008	36	36
伤神	2007	16	14
伤神	2006	32	32
伤神	2005	50	50
伤神	2004	30	30
伤神	2003	24	22
伤神	2002	40	37
伤神	2001	56	54
伤心	2008	9258	3339
伤心	2007	9664	3453
伤心	2006	12398	4969
伤心	2005	14830	6034
伤心	2004	12308	4789
伤心	2003	11156	4154
伤心	2002	14232	5253
伤心	2001	13714	4903
慑	2008	687	546
慑	2007	969	710
慑	2006	1183	859
慑	2005	1201	1028
慑	2004	1190	933
慑	2003	1162	846
慑	2002	1204	933
慑	2001	1310	866
申斥	2008	206	185
申斥	2007	199	172
申斥	2006	261	244
申斥	2005	403	335
申斥	2004	302	280
申斥	2003	237	227
申斥	2002	367	304
申斥	2001	247	218
深恶痛绝	2008	329	307
深恶痛绝	2007	398	376
深恶痛绝	2006	472	461
深恶痛绝	2005	628	586
深恶痛绝	2004	637	597
深恶痛绝	2003	433	402
深恶痛绝	2002	817	738
深恶痛绝	2001	627	561
声讨	2008	832	710
声讨	2007	924	782
声讨	2006	1316	1047
声讨	2005	1387	1181
声讨	2004	1072	934
声讨	2003	1146	901
声讨	2002	1251	1061
声讨	2001	1564	1207
生恐	2008	6	6
生恐	2007	8	8
生恐	2006	14	14
生恐	2005	4	4
生恐	2004	8	8
生恐	2003	16	16
生恐	2002	31	29
生恐	2001	8	8
生怕	2008	1123	818
生怕	2007	1049	803
生怕	2006	1400	1049
生怕	2005	1666	1308
生怕	2004	1361	1060
生怕	2003	1227	1001
生怕	2002	1427	1153
生怕	2001	1422	1106
生气	2008	16302	4692
生气	2007	17648	5298
生气	2006	23292	7994
生气	2005	28950	9538
生气	2004	24068	7690
生气	2003	22226	7076
生气	2002	25756	8018
生气	2001	23890	7408
失节	2008	26	26
失节	2007	45	45
失节	2006	66	61
失节	2005	104	95
失节	2004	72	66
失节	2003	56	47
失节	2002	82	77
失节	2001	72	69
失神	2008	31	28
失神	2007	56	55
失神	2006	69	67
失神	2005	68	64
失神	2004	39	36
失神	2003	40	40
失神	2002	56	56
失神	2001	58	58
失望	2008	18364	6147
失望	2007	18578	6637
失望	2006	25994	10050
失望	2005	30174	11928
失望	2004	27100	9939
失望	2003	24902	8789
失望	2002	27844	10151
失望	2001	25864	9055
失意	2008	1020	845
失意	2007	1146	825
失意	2006	1555	1274
失意	2005	1680	1363
失意	2004	1389	1126
失意	2003	1403	1114
失意	2002	1689	1321
失意	2001	1533	1153
受窘	2008	8	8
受窘	2007	4	4
受窘	2006	10	10
受窘	2005	18	18
受窘	2004	10	10
受窘	2003	4	4
受窘	2002	20	20
受窘	2001	4	4
疏	2008	696	591
疏	2007	742	587
疏	2006	968	793
疏	2005	906	761
疏	2004	874	703
疏	2003	754	624
疏	2002	984	792
疏	2001	828	649
数落	2008	86	80
数落	2007	84	80
数落	2006	87	83
数落	2005	114	112
数落	2004	100	98
数落	2003	90	78
数落	2002	110	102
数落	2001	72	72
恕	2008	1624	1216
恕	2007	1752	1335
恕	2006	2392	1880
恕	2005	2728	2138
恕	2004	2196	1668
恕	2003	2118	1618
恕	2002	2532	1979
恕	2001	2486	1823
说	2008	3534770	19694
说	2007	3687256	21805
说	2006	4940212	34823
说	2005	5771016	39817
说	2004	4859344	32666
说	2003	4497340	29039
说	2002	5121130	31178
说	2001	4857012	27894
说不	2008	7	6
说不	2007	6	5
说不	2006	6	6
说不	2005	2	1
说不	2004	1	1
说不	2003	1	1
说不	2002	3	3
说不	2001	4	4
酸	2008	8334	1719
酸	2007	12522	1895
酸	2006	11482	2495
酸	2005	13840	2973
酸	2004	13600	2802
酸	2003	11714	2558
酸	2002	10040	2528
酸	2001	12596	2527
酸楚	2008	94	89
酸楚	2007	142	136
酸楚	2006	114	104
酸楚	2005	173	167
酸楚	2004	154	143
酸楚	2003	126	123
酸楚	2002	157	152
酸楚	2001	138	132
酸溜溜	2008	42	42
酸溜溜	2007	50	50
酸溜溜	2006	72	70
酸溜溜	2005	100	93
酸溜溜	2004	100	92
酸溜溜	2003	78	74
酸溜溜	2002	79	73
酸溜溜	2001	100	92
缩头缩脑	2008	8	6
缩头缩脑	2007	15	15
缩头缩脑	2006	18	18
缩头缩脑	2005	27	25
缩头缩脑	2004	26	26
缩头缩脑	2003	23	23
缩头缩脑	2002	62	52
缩头缩脑	2001	18	16
谈虎色变	2008	78	78
谈虎色变	2007	62	60
谈虎色变	2006	74	72
谈虎色变	2005	108	106
谈虎色变	2004	100	90
谈虎色变	2003	98	96
谈虎色变	2002	108	108
谈虎色变	2001	104	102
讨	2008	31118	7448
讨	2007	34022	8182
讨	2006	44054	12604
讨	2005	49782	14204
讨	2004	42220	11780
讨	2003	37878	10670
讨	2002	41182	11156
讨	2001	42116	10468
讨厌	2008	8314	2762
讨厌	2007	9384	3158
讨厌	2006	13516	4922
讨厌	2005	16406	5826
讨厌	2004	13542	4720
讨厌	2003	13004	4314
讨厌	2002	14434	5020
讨厌	2001	13746	4422
提心吊胆	2008	194	188
提心吊胆	2007	204	200
提心吊胆	2006	223	205
提心吊胆	2005	288	281
提心吊胆	2004	292	276
提心吊胆	2003	212	197
提心吊胆	2002	281	251
提心吊胆	2001	289	280
啼笑皆非	2008	22	22
啼笑皆非	2007	56	56
啼笑皆非	2006	57	57
啼笑皆非	2005	72	72
啼笑皆非	2004	68	64
啼笑皆非	2003	86	86
啼笑皆非	2002	70	70
啼笑皆非	2001	83	83
体谅	2008	944	742
体谅	2007	988	812
体谅	2006	1338	1048
体谅	2005	1594	1268
体谅	2004	1214	970
体谅	2003	1182	988
体谅	2002	1472	1180
体谅	2001	1520	1122
体恤	2008	284	253
体恤	2007	298	252
体恤	2006	354	310
体恤	2005	356	298
体恤	2004	360	295
体恤	2003	194	178
体恤	2002	310	278
体恤	2001	268	218
天怒人怨	2008	26	26
天怒人怨	2007	26	26
天怒人怨	2006	36	36
天怒人怨	2005	42	42
天怒人怨	2004	42	40
天怒人怨	2003	40	40
天怒人怨	2002	48	47
天怒人怨	2001	38	36
同病相怜	2008	94	93
同病相怜	2007	132	129
同病相怜	2006	136	129
同病相怜	2005	126	126
同病相怜	2004	112	108
同病相怜	2003	67	65
同病相怜	2002	133	127
同病相怜	2001	125	122
同情	2008	19958	6728
同情	2007	20380	7013
同情	2006	31418	10656
同情	2005	35426	12495
同情	2004	28426	9956
同情	2003	26704	8973
同情	2002	30224	10094
同情	2001	28284	9203
痛	2008	21174	5781
痛	2007	19332	5960
痛	2006	26576	9002
痛	2005	29910	10694
痛	2004	28972	8552
痛	2003	24702	7624
痛	2002	26054	8855
痛	2001	24450	8018
痛不欲生	2008	203	194
痛不欲生	2007	178	170
痛不欲生	2006	276	260
痛不欲生	2005	353	316
痛不欲生	2004	222	212
痛不欲生	2003	212	196
痛不欲生	2002	262	240
痛不欲生	2001	267	240
痛斥	2008	126	125
痛斥	2007	102	98
痛斥	2006	212	205
痛斥	2005	332	290
痛斥	2004	304	292
痛斥	2003	230	220
痛斥	2002	252	238
痛斥	2001	240	230
痛恶	2008	18	18
痛恶	2007	6	6
痛恶	2006	28	26
痛恶	2005	18	18
痛恶	2004	6	6
痛恶	2003	14	14
痛恶	2002	26	26
痛恶	2001	20	20
痛恨	2008	2265	1666
痛恨	2007	2490	1793
痛恨	2006	3366	2519
痛恨	2005	3886	2860
痛恨	2004	3162	2331
痛恨	2003	3182	2242
痛恨	2002	3628	2610
痛恨	2001	3398	2454
痛惜	2008	1016	848
痛惜	2007	940	810
痛惜	2006	1438	1268
痛惜	2005	1503	1308
痛惜	2004	1332	1182
痛惜	2003	1152	982
痛惜	2002	1361	1144
痛惜	2001	1367	1160
痛心	2008	3656	2428
痛心	2007	3710	2476
痛心	2006	5192	3519
痛心	2005	6104	4166
痛心	2004	4833	3300
痛心	2003	4176	2885
痛心	2002	5360	3642
痛心	2001	5544	3608
痛心疾首	2008	160	158
痛心疾首	2007	184	179
痛心疾首	2006	194	188
痛心疾首	2005	260	254
痛心疾首	2004	164	161
痛心疾首	2003	190	180
痛心疾首	2002	264	261
痛心疾首	2001	226	216
投诉	2008	18856	2629
投诉	2007	28494	3277
投诉	2006	35976	4743
投诉	2005	39842	5338
投诉	2004	31346	4379
投诉	2003	25082	3872
投诉	2002	18246	3536
投诉	2001	21504	3504
兔死狐悲	2008	3	3
兔死狐悲	2007	4	4
兔死狐悲	2006	1	1
兔死狐悲	2005	5	5
兔死狐悲	2004	5	5
兔死狐悲	2003	1	1
兔死狐悲	2002	4	4
兔死狐悲	2001	10	10
颓	2008	10	8
颓	2007	24	14
颓	2006	138	22
颓	2005	17	15
颓	2004	20	14
颓	2003	15	13
颓	2002	31	27
颓	2001	25	20
颓废	2008	2181	1382
颓废	2007	2330	1318
颓废	2006	3300	1943
颓废	2005	3901	2183
颓废	2004	3080	1798
颓废	2003	2483	1658
颓废	2002	3572	2031
颓废	2001	2600	1610
颓靡	2008	16	16
颓靡	2007	14	14
颓靡	2006	16	16
颓靡	2005	24	24
颓靡	2004	16	16
颓靡	2003	16	16
颓靡	2002	24	24
颓靡	2001	10	10
颓然	2008	12	12
颓然	2007	4	4
颓然	2006	9	9
颓然	2005	18	18
颓然	2004	16	16
颓然	2003	5	5
颓然	2002	24	24
颓然	2001	17	17
颓丧	2008	20	20
颓丧	2007	16	16
颓丧	2006	22	22
颓丧	2005	18	18
颓丧	2004	27	27
颓丧	2003	26	26
颓丧	2002	38	38
颓丧	2001	20	20
颓唐	2008	24	22
颓唐	2007	24	23
颓唐	2006	44	42
颓唐	2005	76	71
颓唐	2004	50	50
颓唐	2003	44	44
颓唐	2002	86	84
颓唐	2001	62	60
唾骂	2008	36	34
唾骂	2007	54	52
唾骂	2006	60	60
唾骂	2005	38	38
唾骂	2004	46	44
唾骂	2003	34	34
唾骂	2002	62	62
唾骂	2001	52	50
挖苦	2008	456	404
挖苦	2007	552	483
挖苦	2006	732	648
挖苦	2005	884	798
挖苦	2004	790	687
挖苦	2003	596	564
挖苦	2002	848	742
挖苦	2001	690	584
玩	2008	17500	3734
玩	2007	18670	4387
玩	2006	22940	6271
玩	2005	27502	7595
玩	2004	23686	6070
玩	2003	21744	5408
玩	2002	24172	6177
玩	2001	23132	5662
玩忽	2008	2528	867
玩忽	2007	5976	1143
玩忽	2006	17988	1994
玩忽	2005	10658	2232
玩忽	2004	6540	1813
玩忽	2003	5876	1660
玩忽	2002	6000	1577
玩忽	2001	8258	1666
玩世不恭	2008	459	385
玩世不恭	2007	519	436
玩世不恭	2006	763	619
玩世不恭	2005	824	688
玩世不恭	2004	684	565
玩世不恭	2003	701	558
玩世不恭	2002	753	619
玩世不恭	2001	839	662
惋	2008	16	16
惋	2007	39	37
惋	2006	50	40
惋	2005	55	54
惋	2004	39	37
惋	2003	27	27
惋	2002	47	40
惋	2001	36	36
惋惜	2008	2788	2044
惋惜	2007	2668	2039
惋惜	2006	3730	2937
惋惜	2005	4134	3175
惋惜	2004	3726	2805
惋惜	2003	3048	2370
惋惜	2002	3568	2757
惋惜	2001	3076	2363
万念俱灰	2008	11	11
万念俱灰	2007	19	19
万念俱灰	2006	24	24
万念俱灰	2005	20	20
万念俱灰	2004	22	21
万念俱灰	2003	40	39
万念俱灰	2002	31	29
万念俱灰	2001	18	18
望而生畏	2008	386	360
望而生畏	2007	380	352
望而生畏	2006	631	583
望而生畏	2005	842	764
望而生畏	2004	604	548
望而生畏	2003	646	602
望而生畏	2002	688	638
望而生畏	2001	661	598
唯恐	2008	599	545
唯恐	2007	551	491
唯恐	2006	673	599
唯恐	2005	645	581
唯恐	2004	375	337
唯恐	2003	305	269
唯恐	2002	428	376
唯恐	2001	492	436
惟恐	2008	35	33
惟恐	2007	67	67
惟恐	2006	146	136
惟恐	2005	181	173
惟恐	2004	215	211
惟恐	2003	212	198
惟恐	2002	238	226
惟恐	2001	216	192
为难	2008	6656	3468
为难	2007	7215	3875
为难	2006	9354	5336
为难	2005	11070	6341
为难	2004	9209	5194
为难	2003	7810	4486
为难	2002	11287	5704
为难	2001	9944	4965
萎靡	2008	1231	1011
萎靡	2007	1118	927
萎靡	2006	1707	1428
萎靡	2005	1800	1487
萎靡	2004	1614	1304
萎靡	2003	1556	1274
萎靡	2002	1936	1561
萎靡	2001	1449	1202
委靡	2008	13	13
委靡	2007	10	10
委靡	2006	15	15
委靡	2005	12	12
委靡	2004	13	13
委靡	2003	14	14
委靡	2002	13	11
委靡	2001	15	15
委屈	2008	6390	2700
委屈	2007	6710	2806
委屈	2006	8088	3908
委屈	2005	9932	4760
委屈	2004	7814	3674
委屈	2003	7234	3355
委屈	2002	8942	4324
委屈	2001	8856	3840
畏	2008	3016	1872
畏	2007	2784	1904
畏	2006	4164	2766
畏	2005	4212	3118
畏	2004	3932	2656
畏	2003	3622	2504
畏	2002	3538	2578
畏	2001	3704	2600
畏忌	2008	2	2
畏忌	2004	1	1
畏忌	2003	4	4
畏忌	2002	2	2
畏忌	2001	4	4
畏惧	2008	2688	1958
畏惧	2007	2767	2096
畏惧	2006	3813	2838
畏惧	2005	4227	3225
畏惧	2004	3892	2854
畏惧	2003	3360	2572
畏惧	2002	3742	2831
畏惧	2001	3747	2742
闻风丧胆	2008	6	6
闻风丧胆	2007	16	16
闻风丧胆	2006	14	14
闻风丧胆	2005	12	12
闻风丧胆	2004	14	14
闻风丧胆	2003	22	22
闻风丧胆	2002	20	20
闻风丧胆	2001	9	9
窝火	2008	8	8
窝火	2007	28	28
窝火	2006	14	14
窝火	2005	15	15
窝火	2004	16	16
窝火	2003	20	20
窝火	2002	28	28
窝火	2001	18	18
窝囊	2008	78	76
窝囊	2007	98	87
窝囊	2006	107	99
窝囊	2005	110	110
窝囊	2004	77	70
窝囊	2003	65	65
窝囊	2002	81	77
窝囊	2001	76	69
窝心	2008	29	29
窝心	2007	58	57
窝心	2006	41	36
窝心	2005	40	38
窝心	2004	59	56
窝心	2003	46	46
窝心	2002	42	40
窝心	2001	47	45
无地自容	2008	316	294
无地自容	2007	366	316
无地自容	2006	472	413
无地自容	2005	553	504
无地自容	2004	482	433
无地自容	2003	498	411
无地自容	2002	548	480
无地自容	2001	610	493
无精打采	2008	195	186
无精打采	2007	177	165
无精打采	2006	322	283
无精打采	2005	380	341
无精打采	2004	329	302
无精打采	2003	236	220
无精打采	2002	342	293
无精打采	2001	287	260
无聊	2008	3728	1848
无聊	2007	4134	2016
无聊	2006	5390	2802
无聊	2005	6574	3345
无聊	2004	5412	2542
无聊	2003	4942	2526
无聊	2002	6062	2994
无聊	2001	5618	2538
无视	2008	9758	3759
无视	2007	11661	4507
无视	2006	15230	6548
无视	2005	17211	7130
无视	2004	14741	6218
无视	2003	14096	5738
无视	2002	14705	6018
无视	2001	14054	5579
无所谓	2008	7056	3300
无所谓	2007	7568	3490
无所谓	2006	10086	5082
无所谓	2005	11928	5900
无所谓	2004	9772	4898
无所谓	2003	9136	4322
无所谓	2002	10476	4988
无所谓	2001	9792	4520
无心	2008	1538	1223
无心	2007	1620	1287
无心	2006	1944	1599
无心	2005	2166	1814
无心	2004	2098	1690
无心	2003	2048	1600
无心	2002	2032	1657
无心	2001	1964	1608
无意	2008	14200	5733
无意	2007	15448	6202
无意	2006	20940	9402
无意	2005	22810	10665
无意	2004	19496	8732
无意	2003	17956	7872
无意	2002	19194	8645
无意	2001	17816	7661
惜	2008	3138	2048
惜	2007	3178	2134
惜	2006	4096	3092
惜	2005	4608	3336
惜	2004	3980	2855
惜	2003	3654	2644
惜	2002	4324	3016
惜	2001	3814	2782
系	2008	354780	16968
系	2007	384802	18746
系	2006	522910	30497
系	2005	599460	34856
系	2004	508678	28240
系	2003	441814	25164
系	2002	478080	26453
系	2001	456330	24003
系念	2008	12	12
系念	2007	32	32
系念	2006	36	36
系念	2005	42	42
系念	2004	26	26
系念	2003	39	36
系念	2002	42	41
系念	2001	40	38
嫌	2008	4988	2434
嫌	2007	5298	2725
嫌	2006	9816	3758
嫌	2005	9282	4083
嫌	2004	5780	3324
嫌	2003	4936	2946
嫌	2002	5640	3333
嫌	2001	4914	3100
嫌恶	2008	6	4
嫌恶	2007	20	20
嫌恶	2006	37	32
嫌恶	2005	22	20
嫌恶	2004	32	30
嫌恶	2003	18	18
嫌恶	2002	12	12
嫌恶	2001	30	30
嫌弃	2008	178	165
嫌弃	2007	128	122
嫌弃	2006	242	225
嫌弃	2005	258	240
嫌弃	2004	210	192
嫌弃	2003	166	160
嫌弃	2002	190	188
嫌弃	2001	182	182
想不开	2008	258	211
想不开	2007	371	306
想不开	2006	407	327
想不开	2005	456	407
想不开	2004	483	372
想不开	2003	406	319
想不开	2002	519	394
想不开	2001	443	382
问罪	2008	167	150
问罪	2007	178	157
问罪	2006	250	226
问罪	2005	234	222
问罪	2004	198	189
问罪	2003	167	144
问罪	2002	257	188
问罪	2001	230	209
向隅	2008	2	2
向隅	2007	2	2
向隅	2005	7	5
向隅	2003	2	2
向隅	2002	16	10
消沉	2008	2134	1585
消沉	2007	2230	1651
消沉	2006	3442	2473
消沉	2005	4082	2897
消沉	2004	3284	2318
消沉	2003	3272	2173
消沉	2002	3984	2585
消沉	2001	3586	2434
小瞧	2008	34	34
小瞧	2007	36	34
小瞧	2006	44	44
小瞧	2005	36	36
小瞧	2004	56	56
小瞧	2003	34	34
小瞧	2002	44	42
小瞧	2001	41	39
小视	2008	1007	832
小视	2007	1023	881
小视	2006	1127	960
小视	2005	1317	1154
小视	2004	1176	1015
小视	2003	996	868
小视	2002	1122	1011
小视	2001	908	792
笑骂	2008	24	24
笑骂	2007	2	2
笑骂	2006	32	32
笑骂	2005	34	32
笑骂	2004	26	26
笑骂	2003	14	14
笑骂	2002	23	23
笑骂	2001	26	26
泄气	2008	553	468
泄气	2007	580	496
泄气	2006	921	760
泄气	2005	1028	900
泄气	2004	899	776
泄气	2003	952	796
泄气	2002	1009	857
泄气	2001	1190	935
心烦	2008	673	500
心烦	2007	708	560
心烦	2006	882	761
心烦	2005	1018	839
心烦	2004	956	778
心烦	2003	961	760
心烦	2002	1132	891
心烦	2001	1185	933
心寒	2008	298	276
心寒	2007	360	318
心寒	2006	520	469
心寒	2005	594	514
心寒	2004	460	406
心寒	2003	432	385
心寒	2002	440	399
心寒	2001	478	416
心灰意懒	2008	12	12
心灰意懒	2007	14	14
心灰意懒	2006	38	38
心灰意懒	2005	60	60
心灰意懒	2004	26	26
心灰意懒	2003	36	36
心灰意懒	2002	24	24
心灰意懒	2001	44	44
心急	2008	476	399
心急	2007	500	428
心急	2006	490	426
心急	2005	674	560
心急	2004	534	467
心急	2003	448	375
心急	2002	610	537
心急	2001	624	533
心急如焚	2008	360	314
心急如焚	2007	298	274
心急如焚	2006	430	397
心急如焚	2005	572	526
心急如焚	2004	350	326
心急如焚	2003	338	304
心急如焚	2002	394	364
心急如焚	2001	454	422
心焦	2008	16	16
心焦	2007	22	22
心焦	2006	24	24
心焦	2005	32	32
心焦	2004	42	42
心焦	2003	32	26
心焦	2002	35	35
心焦	2001	42	42
心惊胆战	2008	54	52
心惊胆战	2007	78	76
心惊胆战	2006	90	88
心惊胆战	2005	122	122
心惊胆战	2004	68	68
心惊胆战	2003	62	62
心惊胆战	2002	118	116
心惊胆战	2001	50	50
心惊肉跳	2008	30	30
心惊肉跳	2007	46	36
心惊肉跳	2006	46	46
心惊肉跳	2005	60	60
心惊肉跳	2004	42	34
心惊肉跳	2003	30	30
心惊肉跳	2002	46	44
心惊肉跳	2001	78	78
心酸	2008	698	569
心酸	2007	626	547
心酸	2006	884	774
心酸	2005	954	843
心酸	2004	724	618
心酸	2003	748	631
心酸	2002	774	662
心酸	2001	788	653
心疼	2008	1100	774
心疼	2007	1134	830
心疼	2006	1312	936
心疼	2005	1674	1222
心疼	2004	1242	911
心疼	2003	1074	784
心疼	2002	1331	1027
心疼	2001	1152	887
心痛	2008	1248	945
心痛	2007	1174	891
心痛	2006	1555	1181
心痛	2005	1765	1428
心痛	2004	1455	1129
心痛	2003	1346	1028
心痛	2002	1543	1185
心痛	2001	1356	1037
心虚	2008	256	219
心虚	2007	304	263
心虚	2006	288	271
心虚	2005	352	314
心虚	2004	360	302
心虚	2003	296	249
心虚	2002	310	277
心虚	2001	306	276
心有余悸	2008	54	54
心有余悸	2007	30	30
心有余悸	2006	82	80
心有余悸	2005	104	100
心有余悸	2004	86	86
心有余悸	2003	54	54
心有余悸	2002	98	96
心有余悸	2001	100	94
羞	2008	408	364
羞	2007	450	413
羞	2006	684	568
羞	2005	770	676
羞	2004	743	615
羞	2003	1148	706
羞	2002	673	604
羞	2001	717	628
羞惭	2008	5	5
羞惭	2007	4	4
羞惭	2006	10	7
羞惭	2005	17	17
羞惭	2004	6	6
羞惭	2003	12	12
羞惭	2002	18	18
羞惭	2001	11	11
羞答答	2008	2	2
羞答答	2007	6	6
羞答答	2006	4	4
羞答答	2005	6	6
羞答答	2004	6	6
羞答答	2003	10	10
羞答答	2002	10	10
羞答答	2001	8	6
羞愧	2008	2170	1496
羞愧	2007	2320	1531
羞愧	2006	3022	2079
羞愧	2005	3374	2380
羞愧	2004	2833	1931
羞愧	2003	2728	1844
羞愧	2002	2968	2063
羞愧	2001	3214	2086
羞怯	2008	358	314
羞怯	2007	390	336
羞怯	2006	596	501
羞怯	2005	668	566
羞怯	2004	565	459
羞怯	2003	530	438
羞怯	2002	801	604
羞怯	2001	650	505
羞人	2007	6	6
羞人	2006	5	5
羞人	2005	4	4
羞人	2003	4	4
羞人	2002	1	1
羞人	2001	8	8
羞涩	2008	90	85
羞涩	2007	98	95
羞涩	2006	122	114
羞涩	2005	163	159
羞涩	2004	132	123
羞涩	2003	146	140
羞涩	2002	145	141
羞涩	2001	128	118
虚惊	2008	456	395
虚惊	2007	484	410
虚惊	2006	648	574
虚惊	2005	737	655
虚惊	2004	600	530
虚惊	2003	506	458
虚惊	2002	644	594
虚惊	2001	771	665
嘘	2008	328	305
嘘	2007	306	275
嘘	2006	438	397
嘘	2005	512	445
嘘	2004	398	364
嘘	2003	470	398
嘘	2002	474	435
嘘	2001	406	376
恤	2008	642	455
恤	2007	880	413
恤	2006	926	686
恤	2005	1213	837
恤	2004	929	611
恤	2003	1066	733
恤	2002	946	683
恤	2001	958	665
悬	2008	1624	1150
悬	2007	1642	1196
悬	2006	2352	1561
悬	2005	2436	1756
悬	2004	1774	1406
悬	2003	1592	1285
悬	2002	1482	1237
悬	2001	1920	1338
悬念	2008	4724	1815
悬念	2007	4615	1814
悬念	2006	5364	2393
悬念	2005	6476	2689
悬念	2004	5300	2059
悬念	2003	4111	1876
悬念	2002	4422	1959
悬念	2001	4301	1816
训斥	2008	184	168
训斥	2007	202	186
训斥	2006	303	273
训斥	2005	406	378
训斥	2004	374	327
训斥	2003	264	224
训斥	2002	314	290
训斥	2001	253	244
训戒	2008	8	8
训戒	2007	2	2
训戒	2006	10	10
训戒	2005	8	8
训戒	2004	15	15
训戒	2003	20	20
训戒	2002	20	19
训戒	2001	30	30
训诫	2008	153	133
训诫	2007	149	136
训诫	2006	448	204
训诫	2005	221	204
训诫	2004	157	141
训诫	2003	194	159
训诫	2002	178	157
训诫	2001	207	149
讶	2008	1297	980
讶	2007	1376	1047
讶	2006	1695	1337
讶	2005	1866	1490
讶	2004	1572	1233
讶	2003	1550	1179
讶	2002	1867	1531
讶	2001	1799	1415
厌	2008	768	629
厌	2007	846	708
厌	2006	1226	994
厌	2005	1583	1341
厌	2004	1368	1096
厌	2003	1242	1029
厌	2002	1377	1146
厌	2001	1361	1129
厌恶	2008	7266	3779
厌恶	2007	7802	3957
厌恶	2006	11182	5758
厌恶	2005	13341	6860
厌恶	2004	11464	5737
厌恶	2003	10806	5294
厌恶	2002	11496	5943
厌恶	2001	10266	5156
厌烦	2008	2767	1893
厌烦	2007	3113	2032
厌烦	2006	4230	2914
厌烦	2005	5021	3470
厌烦	2004	4439	2921
厌烦	2003	4017	2608
厌烦	2002	4760	3143
厌烦	2001	4297	2802
厌恨	2008	8	8
厌恨	2007	6	6
厌恨	2006	20	20
厌恨	2005	24	24
厌恨	2004	30	26
厌恨	2003	20	20
厌恨	2002	12	12
厌恨	2001	4	4
厌倦	2008	5046	2660
厌倦	2007	5624	2922
厌倦	2006	7639	4309
厌倦	2005	8226	4694
厌倦	2004	7199	3881
厌倦	2003	7052	3791
厌倦	2002	7719	4193
厌倦	2001	7085	3711
厌弃	2008	128	119
厌弃	2007	134	128
厌弃	2006	178	157
厌弃	2005	241	229
厌弃	2004	210	203
厌弃	2003	130	128
厌弃	2002	207	193
厌弃	2001	174	162
摇摆	2008	3826	2535
摇摆	2007	4070	2680
摇摆	2006	5319	3651
摇摆	2005	5698	4043
摇摆	2004	5018	3448
摇摆	2003	4620	3183
摇摆	2002	4924	3380
摇摆	2001	4658	3150
要紧	2008	7134	3279
要紧	2007	8000	3526
要紧	2006	10232	4828
要紧	2005	12432	5800
要紧	2004	9971	4887
要紧	2003	9990	4576
要紧	2002	10527	5215
要紧	2001	11093	5119
一气之下	2008	291	275
一气之下	2007	342	314
一气之下	2006	440	380
一气之下	2005	622	552
一气之下	2004	476	416
一气之下	2003	384	348
一气之下	2002	553	483
一气之下	2001	486	424
遗憾	2008	40810	10235
遗憾	2007	42528	10792
遗憾	2006	56316	16387
遗憾	2005	63010	18424
遗憾	2004	52084	15517
遗憾	2003	46566	13709
遗憾	2002	50632	14632
遗憾	2001	47820	13161
疑	2008	19180	7064
疑	2007	19924	7602
疑	2006	29497	11481
疑	2005	29874	12438
疑	2004	23910	10557
疑	2003	21817	9491
疑	2002	23575	10513
疑	2001	22295	9668
疑惑	2008	7948	3969
疑惑	2007	8096	4023
疑惑	2006	9858	5674
疑惑	2005	10744	6195
疑惑	2004	8648	5133
疑惑	2003	7890	4545
疑惑	2002	9004	5130
疑惑	2001	8392	4708
疑忌	2008	50	43
疑忌	2007	64	60
疑忌	2006	78	73
疑忌	2005	60	58
疑忌	2004	72	70
疑忌	2003	78	65
疑忌	2002	104	95
疑忌	2001	74	68
疑虑	2008	8598	4087
疑虑	2007	8892	4228
疑虑	2006	12320	6370
疑虑	2005	13528	6946
疑虑	2004	12128	6161
疑虑	2003	11748	5729
疑虑	2002	12912	6454
疑虑	2001	12776	6101
疑神疑鬼	2008	22	22
疑神疑鬼	2007	24	24
疑神疑鬼	2006	21	18
疑神疑鬼	2005	42	42
疑神疑鬼	2004	50	50
疑神疑鬼	2003	60	58
疑神疑鬼	2002	62	59
疑神疑鬼	2001	35	35
抑郁	2008	10904	2013
抑郁	2007	8830	2111
抑郁	2006	11414	2718
抑郁	2005	10754	2889
抑郁	2004	8160	2394
抑郁	2003	8356	2186
抑郁	2002	6298	2347
抑郁	2001	6416	1950
义愤	2008	705	627
义愤	2007	784	659
义愤	2006	1020	847
义愤	2005	1257	1109
义愤	2004	1058	878
义愤	2003	930	777
义愤	2002	1292	1073
义愤	2001	1298	1073
义愤填膺	2008	606	490
义愤填膺	2007	668	537
义愤填膺	2006	1032	877
义愤填膺	2005	1244	1004
义愤填膺	2004	965	814
义愤填膺	2003	836	669
义愤填膺	2002	1056	864
义愤填膺	2001	1001	829
异	2008	49592	11769
异	2007	51800	12773
异	2006	70478	20052
异	2005	76838	22471
异	2004	62760	18594
异	2003	55644	16460
异	2002	56620	17438
异	2001	52906	15984
阴郁	2008	169	153
阴郁	2007	179	162
阴郁	2006	308	267
阴郁	2005	262	220
阴郁	2004	267	227
阴郁	2003	242	218
阴郁	2002	252	226
阴郁	2001	325	297
引咎	2008	1916	649
引咎	2007	1091	595
引咎	2006	1505	774
引咎	2005	2464	1039
引咎	2004	2006	789
引咎	2003	3188	632
引咎	2002	1463	810
引咎	2001	1256	663
隐忧	2008	1322	916
隐忧	2007	1232	866
隐忧	2006	1224	932
隐忧	2005	1550	1150
隐忧	2004	1362	1032
隐忧	2003	1100	814
隐忧	2002	1254	932
隐忧	2001	942	754
忧	2008	6172	3741
忧	2007	5962	3793
忧	2006	7764	5224
忧	2005	8138	5565
忧	2004	7332	4988
忧	2003	6764	4488
忧	2002	7754	5123
忧	2001	7074	4729
忧愁	2008	363	329
忧愁	2007	331	301
忧愁	2006	576	510
忧愁	2005	582	528
忧愁	2004	611	474
忧愁	2003	550	476
忧愁	2002	553	503
忧愁	2001	554	457
忧烦	2008	16	16
忧烦	2007	6	6
忧烦	2006	17	17
忧烦	2005	18	17
忧烦	2004	8	8
忧烦	2003	8	8
忧烦	2002	14	14
忧烦	2001	18	18
忧愤	2008	16	16
忧愤	2007	9	9
忧愤	2006	30	26
忧愤	2005	18	18
忧愤	2004	20	20
忧愤	2003	4	4
忧愤	2002	10	10
忧愤	2001	10	10
忧惧	2008	42	38
忧惧	2007	32	32
忧惧	2006	76	63
忧惧	2005	76	65
忧惧	2004	64	56
忧惧	2003	40	32
忧惧	2002	73	69
忧惧	2001	62	47
忧虑	2008	16010	5990
忧虑	2007	16586	6418
忧虑	2006	23016	9487
忧虑	2005	24476	10479
忧虑	2004	23112	9198
忧虑	2003	20430	8235
忧虑	2002	24052	9142
忧虑	2001	23640	8701
忧闷	2008	2	2
忧闷	2007	8	8
忧闷	2006	15	15
忧闷	2005	18	18
忧闷	2004	8	8
忧闷	2003	20	20
忧闷	2002	22	22
忧闷	2001	16	16
忧伤	2008	6158	2352
忧伤	2007	6433	2520
忧伤	2006	7641	3382
忧伤	2005	8344	3566
忧伤	2004	7544	3048
忧伤	2003	6647	2845
忧伤	2002	7308	3237
忧伤	2001	6930	3007
忧心	2008	290	262
忧心	2007	302	277
忧心	2006	336	297
忧心	2005	420	361
忧心	2004	296	268
忧心	2003	280	239
忧心	2002	344	315
忧心	2001	218	202
忧心如焚	2008	127	123
忧心如焚	2007	97	95
忧心如焚	2006	149	145
忧心如焚	2005	194	190
忧心如焚	2004	166	154
忧心如焚	2003	152	148
忧心如焚	2002	157	145
忧心如焚	2001	175	160
忧心忡忡	2008	1500	1155
忧心忡忡	2007	1354	1065
忧心忡忡	2006	1818	1495
忧心忡忡	2005	2170	1678
忧心忡忡	2004	1762	1430
忧心忡忡	2003	1640	1295
忧心忡忡	2002	2022	1631
忧心忡忡	2001	1944	1540
忧郁	2008	7104	2986
忧郁	2007	7310	3032
忧郁	2006	9950	4295
忧郁	2005	11372	4957
忧郁	2004	9628	4139
忧郁	2003	9976	3818
忧郁	2002	11774	4756
忧郁	2001	9556	3862
犹疑	2008	196	184
犹疑	2007	182	174
犹疑	2006	286	250
犹疑	2005	286	242
犹疑	2004	254	230
犹疑	2003	206	194
犹疑	2002	222	189
犹疑	2001	196	175
犹豫	2008	24826	6359
犹豫	2007	27316	6928
犹豫	2006	33894	10315
犹豫	2005	39184	12015
犹豫	2004	33286	9675
犹豫	2003	29786	8773
犹豫	2002	34914	9743
犹豫	2001	32606	9040
游移	2008	472	367
游移	2007	477	390
游移	2006	592	524
游移	2005	603	538
游移	2004	533	448
游移	2003	425	371
游移	2002	481	405
游移	2001	446	401
虞	2008	1652	965
虞	2007	1319	985
虞	2006	2578	1530
虞	2005	2389	1700
虞	2004	1992	1405
虞	2003	1649	1228
虞	2002	1875	1382
虞	2001	1613	1159
郁	2008	2434	1710
郁	2007	2457	1790
郁	2006	3323	2428
郁	2005	3862	2729
郁	2004	3234	2332
郁	2003	2847	2082
郁	2002	3364	2355
郁	2001	2924	2149
郁闷	2008	2366	1496
郁闷	2007	2838	1707
郁闷	2006	2992	1962
郁闷	2005	3504	2250
郁闷	2004	2454	1662
郁闷	2003	2216	1368
郁闷	2002	1982	1467
郁闷	2001	1496	1147
原	2008	223674	20927
原	2007	257956	23319
原	2006	412762	38341
原	2005	440266	43627
原	2004	355928	35181
原	2003	323336	31594
原	2002	337842	33304
原	2001	344676	30121
原谅	2008	7458	2716
原谅	2007	8192	3056
原谅	2006	10114	4256
原谅	2005	13122	5218
原谅	2004	10464	4098
原谅	2003	10022	3710
原谅	2002	12516	4632
原谅	2001	11130	4076
原宥	2008	1	1
原宥	2007	1	1
原宥	2005	2	2
原宥	2004	7	7
原宥	2003	2	2
原宥	2002	3	3
原宥	2001	4	4
怨	2008	2584	1724
怨	2007	2473	1792
怨	2006	3108	2400
怨	2005	3655	2767
怨	2004	3118	2351
怨	2003	2755	2159
怨	2002	3516	2687
怨	2001	2962	2267
怨恨	2008	4600	2505
怨恨	2007	4992	2624
怨恨	2006	7498	3785
怨恨	2005	6488	3973
怨恨	2004	6262	3395
怨恨	2003	5866	3149
怨恨	2002	6570	3616
怨恨	2001	6164	3210
怨声载道	2008	412	374
怨声载道	2007	390	367
怨声载道	2006	618	582
怨声载道	2005	683	630
怨声载道	2004	648	619
怨声载道	2003	576	528
怨声载道	2002	737	668
怨声载道	2001	609	550
怨天尤人	2008	144	138
怨天尤人	2007	154	145
怨天尤人	2006	190	186
怨天尤人	2005	280	267
怨天尤人	2004	224	204
怨天尤人	2003	306	273
怨天尤人	2002	184	179
怨天尤人	2001	226	221
在乎	2008	4460	2162
在乎	2007	4904	2404
在乎	2006	5886	3160
在乎	2005	7446	3782
在乎	2004	5968	2944
在乎	2003	5762	2760
在乎	2002	6462	3078
在乎	2001	5584	2670
责	2008	83232	9386
责	2007	88920	10849
责	2006	134722	16891
责	2005	142242	19249
责	2004	102884	16023
责	2003	95196	14577
责	2002	92378	15361
责	2001	101656	14600
责备	2008	538	461
责备	2007	592	514
责备	2006	905	735
责备	2005	1390	976
责备	2004	964	835
责备	2003	944	770
责备	2002	1139	743
责备	2001	866	771
责怪	2008	1910	1288
责怪	2007	2061	1387
责怪	2006	2483	1842
责怪	2005	2963	2171
责怪	2004	2407	1797
责怪	2003	2430	1694
责怪	2002	2653	1876
责怪	2001	2653	1801
责骂	2008	84	84
责骂	2007	118	117
责骂	2006	158	147
责骂	2005	176	163
责骂	2004	156	148
责骂	2003	168	153
责骂	2002	146	144
责骂	2001	186	174
责难	2008	1492	1177
责难	2007	1586	1220
责难	2006	2068	1659
责难	2005	2486	1980
责难	2004	1992	1620
责难	2003	1742	1390
责难	2002	2212	1678
责难	2001	1962	1533
憎	2008	29	27
憎	2007	39	33
憎	2006	52	47
憎	2005	43	43
憎	2004	53	49
憎	2003	66	65
憎	2002	95	81
憎	2001	74	51
憎恶	2008	1592	1143
憎恶	2007	1778	1316
憎恶	2006	2708	1892
憎恶	2005	2939	2108
憎恶	2004	2702	1891
憎恶	2003	2280	1541
憎恶	2002	2642	1948
憎恶	2001	2393	1673
憎恨	2008	1742	1344
憎恨	2007	2238	1571
憎恨	2006	3356	2378
憎恨	2005	3860	2730
憎恨	2004	3336	2256
憎恨	2003	3118	2031
憎恨	2002	3294	2348
憎恨	2001	3318	2223
咋舌	2008	205	191
咋舌	2007	230	220
咋舌	2006	322	310
咋舌	2005	442	416
咋舌	2004	379	345
咋舌	2003	318	300
咋舌	2002	377	349
咋舌	2001	373	351
炸	2008	10370	3223
炸	2007	14894	3753
炸	2006	20246	5457
炸	2005	32926	6962
炸	2004	17446	5173
炸	2003	14990	4545
炸	2002	19680	5422
炸	2001	20036	5197
瞻前顾后	2008	274	249
瞻前顾后	2007	332	322
瞻前顾后	2006	550	495
瞻前顾后	2005	593	550
瞻前顾后	2004	610	551
瞻前顾后	2003	396	355
瞻前顾后	2002	520	476
瞻前顾后	2001	539	487
战战兢兢	2008	1796	1357
战战兢兢	2007	1843	1467
战战兢兢	2006	2712	2079
战战兢兢	2005	2932	2304
战战兢兢	2004	2614	1959
战战兢兢	2003	2117	1659
战战兢兢	2002	2699	2007
战战兢兢	2001	2481	1853
张口结舌	2008	16	16
张口结舌	2007	32	26
张口结舌	2006	24	24
张口结舌	2005	28	28
张口结舌	2004	18	18
张口结舌	2003	29	29
张口结舌	2002	26	26
张口结舌	2001	30	28
针砭	2008	50	49
针砭	2007	62	60
针砭	2006	88	82
针砭	2005	86	81
针砭	2004	53	53
针砭	2003	48	42
针砭	2002	104	93
针砭	2001	58	52
震	2008	18928	3464
震	2007	7960	2860
震	2006	15308	3995
震	2005	21526	4474
震	2004	9746	3781
震	2003	11700	3630
震	2002	12586	3876
震	2001	10454	3910
震惊	2008	13080	4926
震惊	2007	13876	5351
震惊	2006	19096	7889
震惊	2005	22418	9110
震惊	2004	18124	7522
震惊	2003	16590	6865
震惊	2002	20228	7848
震惊	2001	18868	7164
震怒	2008	430	387
震怒	2007	490	427
震怒	2006	665	609
震怒	2005	753	670
震怒	2004	641	591
震怒	2003	465	427
震怒	2002	800	683
震怒	2001	657	590
怔	2008	17	8
怔	2007	32	5
怔	2006	49	26
怔	2005	24	21
怔	2004	21	19
怔	2003	37	34
怔	2002	22	19
怔	2001	8	7
指斥	2008	119	112
指斥	2007	143	130
指斥	2006	230	207
指斥	2005	216	210
指斥	2004	190	178
指斥	2003	174	172
指斥	2002	230	214
指斥	2001	219	207
指桑骂槐	2008	6	6
指桑骂槐	2007	16	14
指桑骂槐	2006	4	4
指桑骂槐	2005	16	16
指桑骂槐	2004	2	2
指桑骂槐	2003	4	4
指桑骂槐	2002	7	7
指桑骂槐	2001	4	4
指责	2008	18740	6114
指责	2007	21354	6878
指责	2006	28626	10301
指责	2005	31526	11279
指责	2004	26928	9654
指责	2003	25540	8781
指责	2002	27632	9461
指责	2001	27192	8887
指摘	2008	866	631
指摘	2007	918	596
指摘	2006	1230	924
指摘	2005	1312	1009
指摘	2004	1102	735
指摘	2003	1286	846
指摘	2002	1175	925
指摘	2001	1252	852
置疑	2008	16784	5950
置疑	2007	16736	6380
置疑	2006	22740	9267
置疑	2005	23446	10059
置疑	2004	19858	8252
置疑	2003	18088	7628
置疑	2002	17816	7786
置疑	2001	15950	6918
置之不理	2008	1770	1354
置之不理	2007	1954	1551
置之不理	2006	2881	2159
置之不理	2005	3412	2581
置之不理	2004	2846	2099
置之不理	2003	2552	1885
置之不理	2002	3086	2148
置之不理	2001	2584	1944
置之度外	2008	427	395
置之度外	2007	408	367
置之度外	2006	511	479
置之度外	2005	718	665
置之度外	2004	516	489
置之度外	2003	518	467
置之度外	2002	606	573
置之度外	2001	630	566
质疑	2008	34388	7120
质疑	2007	33374	7710
质疑	2006	40490	10776
质疑	2005	41224	11528
质疑	2004	33174	9591
质疑	2003	26754	8238
质疑	2002	24832	7770
质疑	2001	20168	6492
咒	2008	532	464
咒	2007	634	550
咒	2006	786	695
咒	2005	894	809
咒	2004	833	719
咒	2003	750	619
咒	2002	843	753
咒	2001	734	659
咒骂	2008	691	576
咒骂	2007	858	714
咒骂	2006	1202	930
咒骂	2005	1430	1163
咒骂	2004	1238	975
咒骂	2003	1104	905
咒骂	2002	1369	1094
咒骂	2001	1374	1070
追悔	2008	36	34
追悔	2007	46	38
追悔	2006	60	56
追悔	2005	68	66
追悔	2004	76	69
追悔	2003	78	59
追悔	2002	97	96
追悔	2001	86	83
着急	2008	2445	1415
着急	2007	2422	1468
着急	2006	3233	2074
着急	2005	4121	2551
着急	2004	3297	2015
着急	2003	3242	1946
着急	2002	3318	2158
着急	2001	3789	2343
自暴自弃	2008	124	114
自暴自弃	2007	118	111
自暴自弃	2006	164	155
自暴自弃	2005	236	221
自暴自弃	2004	216	197
自暴自弃	2003	154	145
自暴自弃	2002	148	144
自暴自弃	2001	159	146
自惭形秽	2008	14	14
自惭形秽	2007	12	12
自惭形秽	2006	31	31
自惭形秽	2005	31	31
自惭形秽	2004	38	38
自惭形秽	2003	37	35
自惭形秽	2002	44	42
自惭形秽	2001	25	25
自咎	2008	3	3
自咎	2006	2	2
自咎	2005	3	2
自咎	2003	1	1
自咎	2002	4	4
自怨自艾	2008	15	15
自怨自艾	2007	20	20
自怨自艾	2006	34	32
自怨自艾	2005	27	25
自怨自艾	2004	18	18
自怨自艾	2003	31	27
自怨自艾	2002	29	29
自怨自艾	2001	7	7
自责	2008	18	11
自责	2007	6	6
自责	2006	24	18
自责	2005	18	16
自责	2004	12	12
自责	2003	28	26
自责	2002	34	22
自责	2001	10	10
诅	2008	40	31
诅	2007	42	37
诅	2006	75	60
诅	2005	94	86
诅	2004	102	72
诅	2003	247	194
诅	2002	100	86
诅	2001	109	87
诅咒	2008	826	652
诅咒	2007	786	633
诅咒	2006	1058	893
诅咒	2005	1240	965
诅咒	2004	998	792
诅咒	2003	928	762
诅咒	2002	1044	909
诅咒	2001	856	735
做贼心虚	2008	10	10
做贼心虚	2007	14	14
做贼心虚	2006	20	20
做贼心虚	2005	16	16
做贼心虚	2004	21	21
做贼心虚	2003	10	10
做贼心虚	2002	25	25
做贼心虚	2001	20	20
倥	2005	4	4
倥	2003	4	4
倥	2002	4	4
诃	2008	4	4
诃	2007	4	4
诃	2006	17	9
诃	2005	3	3
诃	2004	42	35
诃	2003	220	153
诃	2002	29	27
诃	2001	65	31
诘	2008	8	7
诘	2007	16	14
诘	2006	4	4
诘	2005	24	4
诘	2004	34	14
诘	2003	15	11
诘	2002	12	4
诘	2001	10	10
诟病	2008	1774	1229
诟病	2007	1506	1102
诟病	2006	1491	1133
诟病	2005	1300	1017
诟病	2004	944	751
诟病	2003	754	648
诟病	2002	797	653
诟病	2001	561	484
诮	2008	12	12
诮	2007	4	4
诮	2006	10	10
诮	2005	11	9
诮	2004	4	4
诮	2003	38	30
诮	2002	14	14
诮	2001	8	8
诶	2008	1	1
诶	2004	2	2
诶	2003	7	6
诶	2002	2	2
诶	2001	1	1
谇	2008	6	6
谇	2007	4	4
谇	2006	8	8
谇	2005	16	16
谇	2004	11	11
谇	2003	42	36
谇	2002	24	17
谇	2001	19	19
谪	2008	16	14
谪	2007	19	18
谪	2006	10	9
谪	2005	13	13
谪	2004	46	26
谪	2003	41	33
谪	2002	19	19
谪	2001	19	19
芴	2008	3	3
芴	2006	1	1
芴	2005	1	1
芴	2004	6	3
芴	2003	5	5
芴	2002	2	2
芴	2001	1	1
葸	2008	2	2
葸	2007	12	12
葸	2006	18	9
葸	2005	16	13
葸	2004	14	14
葸	2003	4	4
葸	2002	15	14
葸	2001	4	4
奚落	2008	16	16
奚落	2007	38	38
奚落	2006	48	47
奚落	2005	52	52
奚落	2004	38	37
奚落	2003	36	36
奚落	2002	54	54
奚落	2001	28	28
尴尬	2008	12068	5234
尴尬	2007	12074	5395
尴尬	2006	14000	6747
尴尬	2005	14626	7073
尴尬	2004	12088	5833
尴尬	2003	9862	4976
尴尬	2002	11934	5899
尴尬	2001	9458	4994
挹	2006	1	1
挹	2005	4	4
挹	2004	5	5
挹	2003	4	4
挹	2002	4	4
挹	2001	9	9
掊	2006	14	2
掊	2004	3	3
掊	2003	14	13
掊	2002	5	5
掊	2001	4	4
摭	2008	4	4
摭	2007	3	3
摭	2006	8	8
摭	2005	5	5
摭	2004	2	2
摭	2002	4	4
摭	2001	5	5
撺	2008	8	8
撺	2007	36	13
撺	2006	18	13
撺	2005	30	17
撺	2004	12	12
撺	2003	64	39
撺	2002	20	17
撺	2001	43	39
叱	2008	15	15
叱	2007	12	11
叱	2006	20	18
叱	2005	18	16
叱	2004	16	16
叱	2003	101	66
叱	2002	12	10
叱	2001	32	30
叱骂	2006	1	1
叱骂	2005	3	3
叱骂	2002	1	1
叱骂	2001	1	1
叱责	2008	1	1
叱责	2007	2	2
叱责	2006	1	1
叱责	2005	5	5
叱责	2004	2	2
叱责	2003	2	2
哓	2007	2	2
哓	2006	4	4
哓	2005	16	12
哓	2004	13	8
哓	2003	6	6
哓	2002	15	11
哓	2001	19	17
嗔	2006	2	2
嗔	2005	1	1
嗔	2003	14	12
嗔	2002	5	5
嗔	2001	3	3
嗔怪	2008	6	6
嗔怪	2007	6	6
嗔怪	2006	9	9
嗔怪	2005	10	10
嗔怪	2004	21	19
嗔怪	2003	6	6
嗔怪	2002	14	14
嗔怪	2001	14	14
嗔怒	2008	1	1
嗔怒	2006	2	2
嗔怒	2005	4	4
嗔怒	2003	4	2
嗔怒	2002	1	1
嗔怒	2001	2	2
嗤之以鼻	2008	304	280
嗤之以鼻	2007	279	261
嗤之以鼻	2006	354	335
嗤之以鼻	2005	378	360
嗤之以鼻	2004	338	314
嗤之以鼻	2003	372	348
嗤之以鼻	2002	374	345
嗤之以鼻	2001	377	356
嘀咕	2008	290	253
嘀咕	2007	303	247
嘀咕	2006	314	270
嘀咕	2005	357	307
嘀咕	2004	292	253
嘀咕	2003	260	228
嘀咕	2002	323	299
嘀咕	2001	323	271
彷	2008	20	19
彷	2007	6	6
彷	2006	30	30
彷	2005	30	28
彷	2004	32	32
彷	2003	28	28
彷	2002	58	56
彷	2001	67	55
彷徨	2008	773	664
彷徨	2007	708	599
彷徨	2006	1087	928
彷徨	2005	1209	1023
彷徨	2004	1031	830
彷徨	2003	839	694
彷徨	2002	996	884
彷徨	2001	911	775
忏	2008	76	47
忏	2007	205	63
忏	2006	202	105
忏	2005	146	92
忏	2004	231	95
忏	2003	124	94
忏	2002	191	98
忏	2001	181	95
忏悔	2008	3847	1804
忏悔	2007	4366	1804
忏悔	2006	5527	2445
忏悔	2005	5278	2697
忏悔	2004	5386	2199
忏悔	2003	4535	2035
忏悔	2002	5359	2444
忏悔	2001	5440	2172
怃	2006	4	2
怃	2005	4	4
怃	2004	1	1
怃	2003	4	4
怃	2002	3	3
怃	2001	3	3
怄气	2008	20	20
怄气	2007	4	4
怄气	2006	6	6
怄气	2005	6	6
怄气	2004	10	10
怄气	2003	6	6
怄气	2002	10	10
怄气	2001	6	6
忡	2008	248	231
忡	2007	256	222
忡	2006	346	309
忡	2005	385	330
忡	2004	262	236
忡	2003	528	430
忡	2002	388	353
忡	2001	388	369
怅	2008	24	6
怅	2007	217	9
怅	2006	65	29
怅	2005	36	29
怅	2004	23	23
怅	2003	111	90
怅	2002	14	14
怅	2001	31	31
怅然	2008	24	24
怅然	2007	41	40
怅然	2006	55	55
怅然	2005	48	48
怅然	2004	54	52
怅然	2003	26	26
怅然	2002	64	64
怅然	2001	43	43
怅惘	2008	6	6
怅惘	2007	2	2
怅惘	2006	6	6
怅惘	2005	20	20
怅惘	2004	8	8
怅惘	2003	6	6
怅惘	2002	16	16
怅惘	2001	2	2
怆	2008	56	51
怆	2007	28	27
怆	2006	36	36
怆	2005	61	59
怆	2004	38	34
怆	2003	84	76
怆	2002	78	77
怆	2001	58	58
忸	2008	2	2
忸	2005	4	4
忸	2004	2	2
忸	2003	2	2
忸	2002	6	5
忸	2001	4	4
怵	2008	24	24
怵	2007	21	17
怵	2006	46	44
怵	2005	62	56
怵	2004	59	57
怵	2003	36	36
怵	2002	47	46
怵	2001	66	66
怛	2008	129	93
怛	2007	129	91
怛	2006	99	80
怛	2005	97	73
怛	2004	76	57
怛	2003	139	105
怛	2002	68	48
怛	2001	49	41
怏	2008	1	1
怏	2007	1	1
怏	2006	1	1
怏	2005	2	2
怏	2004	1	1
怏	2003	8	8
怏	2002	1	1
怏	2001	2	2
怍	2008	20	18
怍	2007	38	27
怍	2006	35	31
怍	2005	32	31
怍	2004	40	33
怍	2003	120	90
怍	2002	49	45
怍	2001	57	55
怫	2008	5	5
怫	2007	5	3
怫	2006	5	5
怫	2005	10	8
怫	2004	12	12
怫	2003	20	19
怫	2002	6	6
怫	2001	11	11
恸	2008	26	26
恸	2007	18	18
恸	2006	28	28
恸	2005	44	43
恸	2004	25	25
恸	2003	37	33
恸	2002	32	32
恸	2001	29	29
恻	2008	40	29
恻	2007	24	20
恻	2006	39	25
恻	2005	83	35
恻	2004	82	31
恻	2003	43	39
恻	2002	40	30
恻	2001	34	29
恻隐	2008	141	106
恻隐	2007	119	97
恻隐	2006	180	148
恻隐	2005	142	133
恻隐	2004	170	104
恻隐	2003	101	95
恻隐	2002	111	107
恻隐	2001	123	113
恂	2008	30	16
恂	2007	26	26
恂	2006	25	23
恂	2005	37	30
恂	2004	24	17
恂	2003	34	30
恂	2002	10	10
恂	2001	22	22
悚	2008	122	116
悚	2007	148	133
悚	2006	152	142
悚	2005	255	247
悚	2004	190	184
悚	2003	217	201
悚	2002	157	153
悚	2001	222	202
悚然	2008	240	216
悚然	2007	262	246
悚然	2006	281	271
悚然	2005	414	385
悚然	2004	290	275
悚然	2003	280	245
悚然	2002	310	297
悚然	2001	334	313
悒	2008	1	1
悒	2007	3	1
悒	2006	1	1
悒	2004	5	5
悒	2003	2	2
悒	2001	3	3
悛	2008	9	9
悛	2007	16	16
悛	2006	6	6
悛	2005	16	14
悛	2004	9	9
悛	2003	34	33
悛	2002	23	23
悛	2001	16	16
惘然	2008	10	10
惘然	2007	8	8
惘然	2006	14	14
惘然	2005	19	19
惘然	2004	2	2
惘然	2003	6	6
惘然	2002	14	14
惘然	2001	28	28
惆怅	2008	12	12
惆怅	2007	24	24
惆怅	2006	42	40
惆怅	2005	16	16
惆怅	2004	22	22
惆怅	2003	20	20
惆怅	2002	34	33
惆怅	2001	28	28
愠	2008	13	13
愠	2007	14	14
愠	2006	18	18
愠	2005	14	14
愠	2004	24	24
愠	2003	21	21
愠	2002	12	12
愠	2001	35	35
愕	2008	112	104
愕	2007	126	124
愕	2006	84	81
愕	2005	145	137
愕	2004	110	105
愕	2003	86	81
愕	2002	148	143
愕	2001	125	123
愕然	2008	52	52
愕然	2007	41	41
愕然	2006	44	44
愕然	2005	57	56
愕然	2004	60	60
愕然	2003	86	82
愕然	2002	46	44
愕然	2001	44	44
愣	2008	11	11
愣	2007	11	11
愣	2006	22	16
愣	2005	15	15
愣	2004	12	12
愣	2003	8	7
愣	2002	19	19
愣	2001	20	20
慊	2008	3	3
慊	2007	2	2
慊	2006	1	1
慊	2005	2	2
慊	2004	5	5
慊	2003	4	4
慊	2002	5	5
慊	2001	3	3
闵	2008	760	300
闵	2007	699	233
闵	2006	878	299
闵	2005	823	316
闵	2004	526	255
闵	2003	448	240
闵	2002	496	273
闵	2001	790	272
渎	2008	236	215
渎	2007	224	208
渎	2006	284	264
渎	2005	298	280
渎	2004	279	258
渎	2003	242	237
渎	2002	309	298
渎	2001	352	317
宥	2008	53	44
宥	2007	46	41
宥	2006	46	41
宥	2005	50	48
宥	2004	45	38
宥	2003	87	75
宥	2002	51	51
宥	2001	58	51
骞	2008	38	32
骞	2007	79	50
骞	2006	78	66
骞	2005	60	48
骞	2004	96	69
骞	2003	64	52
骞	2002	59	54
骞	2001	55	45
娆	2008	56	55
娆	2007	55	51
娆	2006	72	70
娆	2005	74	74
娆	2004	96	96
娆	2003	98	91
娆	2002	58	57
娆	2001	93	93
殚	2008	1	1
殚	2006	1	1
殚	2005	4	4
殚	2004	3	3
殚	2003	3	3
殚	2002	3	3
殚	2001	11	8
恧	2008	6	6
恧	2007	6	6
恧	2006	19	9
恧	2005	12	12
恧	2004	9	9
恧	2003	8	8
恧	2002	12	10
恧	2001	18	18
瞠目结舌	2008	62	62
瞠目结舌	2007	44	44
瞠目结舌	2006	62	62
瞠目结舌	2005	42	42
瞠目结舌	2004	30	30
瞠目结舌	2003	44	44
瞠目结舌	2002	55	53
瞠目结舌	2001	30	30
瘅	2008	16	16
瘅	2007	16	16
瘅	2006	42	34
瘅	2005	38	37
瘅	2004	41	38
瘅	2003	51	45
瘅	2002	45	43
瘅	2001	51	50
竦	2005	2	2
竦	2004	1	1
竦	2003	17	13
竦	2002	1	1
竦	2001	11	10
矜	2008	5	5
矜	2007	2	2
矜	2006	10	7
矜	2005	10	8
矜	2004	16	12
矜	2003	24	21
矜	2002	14	14
矜	2001	10	8
蹰	2008	3	3
蹰	2007	2	2
蹰	2004	2	2
蹰	2003	2	2
蹰	2002	3	3
蹰	2001	1	1
觖	2008	1	1
觖	2007	1	1
觖	2003	3	1
觖	2002	1	1
觖	2001	2	2
